TIMESTAMP;POSITION;SPEED;LOAD;POWER;TORQUEREF
2024-11-11 10:19:28.761999;249929772;374.6;20.7;17;18
2024-11-11 10:19:28.812773;249942493;246.2;16.8;13;14
2024-11-11 10:19:28.862042;249956650;264.0;11.5;4;10
2024-11-11 10:19:28.912060;249963054;16.2;9.9;0;10
2024-11-11 10:19:28.962516;249960062;-220.8;9.2;-6;10
2024-11-11 10:19:29.012042;249946792;-267.0;11.2;-7;12
2024-11-11 10:19:29.062053;249931169;-275.6;15.4;-5;17
2024-11-11 10:19:29.112671;249921122;-79.0;18.8;5;20
2024-11-11 10:19:29.162049;249919506;0.8;19.9;4;20
2024-11-11 10:19:29.212058;249918623;-159.7;20.3;-8;21
2024-11-11 10:19:29.262058;249905301;-394.9;23.4;-23;25
2024-11-11 10:19:29.312043;249882866;-502.2;29.2;-24;32
2024-11-11 10:19:29.362045;249859391;-331.9;37.1;-5;39
2024-11-11 10:19:29.412807;249848108;-129.1;39.6;-6;40
2024-11-11 10:19:29.462072;249836530;-393.1;40.0;-37;40
2024-11-11 10:19:29.512218;249812309;-595.2;39.6;-59;40
2024-11-11 10:19:29.562087;249776330;-686.7;39.8;-69;40
2024-11-11 10:19:29.612043;249738402;-778.4;40.0;-83;40
2024-11-11 10:19:29.662539;249690821;-1020.2;38.4;-112;38
2024-11-11 10:19:29.712044;249632046;-1248.9;33.4;-114;30
2024-11-11 10:19:29.762810;249556644;-1246.8;23.6;-65;21
2024-11-11 10:19:29.812406;249502589;-437.0;17.2;2;14
2024-11-11 10:19:29.862301;249494447;61.6;13.2;7;13
2024-11-11 10:19:29.912699;249500693;264.5;13.4;19;14
2024-11-11 10:19:29.962226;249522281;548.8;15.7;34;17
2024-11-11 10:19:30.011973;249556600;832.2;18.3;57;21
2024-11-11 10:19:30.062379;249609275;1035.9;19.6;64;27
2024-11-11 10:19:30.111990;249662505;943.2;19.6;53;34
2024-11-11 10:19:30.161982;249710592;704.1;19.6;44;40
2024-11-11 10:19:30.211993;249746447;683.1;19.6;46;40
2024-11-11 10:19:30.262091;249785702;704.0;19.6;47;40
2024-11-11 10:19:30.312076;249823671;738.8;19.9;45;40
2024-11-11 10:19:30.361985;249862971;589.2;19.9;35;38
2024-11-11 10:19:30.411995;249890197;376.1;19.6;20;30
2024-11-11 10:19:30.461963;249906384;144.8;20.1;7;25
2024-11-11 10:19:30.511965;249909806;-16.1;24.7;-5;24
2024-11-11 10:19:30.561955;249900001;-520.9;25.4;-48;26
2024-11-11 10:19:30.611993;249861298;-1137.6;32.7;-107;38
2024-11-11 10:19:30.662031;249796293;-1101.1;39.1;-103;40
2024-11-11 10:19:30.711978;249741711;-996.1;39.8;-96;40
2024-11-11 10:19:30.761962;249687492;-873.0;38.0;-84;37
2024-11-11 10:19:30.812345;249640155;-1034.7;33.6;-108;31
2024-11-11 10:19:30.862001;249571274;-1415.5;25.8;-102;23
2024-11-11 10:19:30.912040;249494056;-1304.5;16.5;-35;13
2024-11-11 10:19:30.962035;249441648;-147.3;12.3;4;10
2024-11-11 10:19:31.012463;249442604;160.9;9.9;8;10
2024-11-11 10:19:31.062038;249456879;442.2;9.9;16;10
2024-11-11 10:19:31.112007;249483128;575.0;11.0;24;12
2024-11-11 10:19:31.161929;249520569;819.2;14.1;45;16
2024-11-11 10:19:31.211940;249570732;1165.7;18.3;73;23
2024-11-11 10:19:31.262349;249638526;1249.6;19.6;81;31
2024-11-11 10:19:31.311966;249705183;1238.1;19.9;72;39
2024-11-11 10:19:31.362046;249770283;1003.5;19.6;61;40
2024-11-11 10:19:31.411990;249820292;830.6;19.6;47;40
2024-11-11 10:19:31.461929;249862024;586.8;19.6;36;38
2024-11-11 10:19:31.511901;249889944;432.7;19.6;26;30
2024-11-11 10:19:31.561942;249910596;236.7;20.1;15;23
2024-11-11 10:19:31.611942;249919403;43.0;20.1;3;20
2024-11-11 10:19:31.661947;249917717;-280.1;20.5;-20;21
2024-11-11 10:19:31.711945;249895935;-753.1;25.2;-63;28
2024-11-11 10:19:31.761947;249844712;-1158.2;35.1;-98;40
2024-11-11 10:19:31.811931;249789741;-902.3;40.2;-79;40
2024-11-11 10:19:31.861951;249742561;-752.2;40.0;-71;40
2024-11-11 10:19:31.912359;249703295;-772.9;39.3;-79;39
2024-11-11 10:19:31.961952;249656770;-924.8;35.1;-97;33
2024-11-11 10:19:32.011955;249600957;-1236.5;28.7;-100;26
2024-11-11 10:19:32.061966;249525240;-1399.8;19.9;-70;17
2024-11-11 10:19:32.111949;249456930;-804.1;12.8;-4;10
2024-11-11 10:19:32.161904;249438753;16.5;9.5;3;10
2024-11-11 10:19:32.211958;249444280;311.9;10.3;12;10
2024-11-11 10:19:32.261966;249463951;375.3;9.7;13;10
2024-11-11 10:19:32.311972;249486484;554.9;10.8;25;12
2024-11-11 10:19:32.361994;249525438;950.2;15.0;55;17
2024-11-11 10:19:32.412081;249585035;1410.8;18.5;91;24
2024-11-11 10:19:32.461970;249668977;1512.9;19.4;90;35
2024-11-11 10:19:32.511987;249747111;1401.6;19.6;80;40
2024-11-11 10:19:32.561959;249820135;1047.8;19.9;58;40
2024-11-11 10:19:32.612380;249867765;663.9;19.6;36;37
2024-11-11 10:19:32.662019;249899827;440.0;19.9;27;27
2024-11-11 10:19:32.711973;249920182;283.9;19.2;17;20
2024-11-11 10:19:32.761978;249932274;88.1;17.6;3;17
2024-11-11 10:19:32.811994;249932063;-261.2;17.0;-22;17
2024-11-11 10:19:32.862106;249902576;-1099.8;22.1;-86;26
2024-11-11 10:19:32.911944;249833997;-1612.5;33.1;-141;40
2024-11-11 10:19:32.961982;249751927;-1149.8;39.8;-99;40
2024-11-11 10:19:33.012003;249700317;-751.7;39.6;-62;39
2024-11-11 10:19:33.062405;249660611;-689.9;36.0;-71;34
2024-11-11 10:19:33.112015;249618648;-966.1;30.9;-88;29
2024-11-11 10:19:33.162483;249557742;-1142.2;24.3;-75;21
2024-11-11 10:19:33.212010;249495925;-1094.8;15.4;-31;13
2024-11-11 10:19:33.262006;249449103;-194.3;12.3;3;10
2024-11-11 10:19:33.312415;249447866;168.8;10.1;10;10
2024-11-11 10:19:33.362024;249464778;492.4;10.1;18;10
2024-11-11 10:19:33.412540;249494070;634.6;11.5;27;13
2024-11-11 10:19:33.462043;249535702;1000.0;16.1;60;18
2024-11-11 10:19:33.512107;249597185;1428.0;19.0;90;26
2024-11-11 10:19:33.561961;249682194;1595.3;19.9;97;36
2024-11-11 10:19:33.612046;249762733;1333.3;19.4;74;40
2024-11-11 10:19:33.662693;249831001;983.4;19.9;56;40
2024-11-11 10:19:33.712156;249876375;639.2;19.6;37;34
2024-11-11 10:19:33.762031;249908458;438.2;19.6;27;24
2024-11-11 10:19:33.812431;249928922;284.1;18.8;13;18
2024-11-11 10:19:33.862030;249940044;66.0;14.6;0;14
2024-11-11 10:19:33.912532;249937183;-355.1;14.3;-23;15
2024-11-11 10:19:33.962034;249903589;-1103.4;21.2;-81;26
2024-11-11 10:19:34.012006;249836018;-1631.3;34.9;-154;40
2024-11-11 10:19:34.061997;249748301;-1415.2;39.8;-140;40
2024-11-11 10:19:34.112039;249678022;-1259.0;37.3;-129;36
2024-11-11 10:19:34.162514;249603627;-1370.4;30.3;-115;27
2024-11-11 10:19:34.212013;249529577;-1233.2;21.9;-51;18
2024-11-11 10:19:34.262021;249474142;-449.8;13.4;-3;11
2024-11-11 10:19:34.312034;249464462;79.2;9.7;8;10
2024-11-11 10:19:34.362522;249477410;436.4;10.3;16;11
2024-11-11 10:19:34.412018;249502687;575.7;12.8;28;14
2024-11-11 10:19:34.462017;249540204;823.2;17.0;52;19
2024-11-11 10:19:34.512093;249590429;1224.7;19.2;82;25
2024-11-11 10:19:34.562891;249665634;1502.0;19.9;95;34
2024-11-11 10:19:34.612075;249745876;1517.9;19.6;91;40
2024-11-11 10:19:34.662022;249828105;1249.3;19.6;70;40
2024-11-11 10:19:34.712033;249886882;881.3;19.4;48;31
2024-11-11 10:19:34.762218;249929397;536.0;18.5;28;18
2024-11-11 10:19:34.812486;249952895;343.2;13.2;6;10
2024-11-11 10:19:34.862034;249963836;75.6;10.3;1;10
2024-11-11 10:19:34.912047;249965079;-105.5;9.5;-6;10
2024-11-11 10:19:34.962051;249951655;-482.2;10.8;-21;11
2024-11-11 10:19:35.012593;249912645;-1388.6;16.8;-94;23
2024-11-11 10:19:35.062197;249820840;-1929.3;32.7;-171;40
2024-11-11 10:19:35.112619;249728388;-1453.5;39.6;-139;40
2024-11-11 10:19:35.162162;249652340;-1138.9;35.3;-104;33
2024-11-11 10:19:35.212330;249592796;-1033.9;28.3;-70;25
2024-11-11 10:19:35.262458;249536231;-793.6;20.3;-31;18
2024-11-11 10:19:35.312086;249503226;-330.4;15.2;-1;14
2024-11-11 10:19:35.362098;249495673;98.3;12.8;9;13
2024-11-11 10:19:35.412139;249505945;395.3;14.3;23;15
2024-11-11 10:19:35.462654;249532150;518.3;16.5;31;18
2024-11-11 10:19:35.512125;249563146;787.1;18.8;58;22
2024-11-11 10:19:35.562619;249615897;1202.1;19.9;80;28
2024-11-11 10:19:35.612134;249682775;1390.7;19.9;89;37
2024-11-11 10:19:35.662108;249761217;1254.5;19.6;74;40
2024-11-11 10:19:35.712455;249823116;1048.5;19.6;60;40
2024-11-11 10:19:35.762120;249877030;768.1;19.4;45;34
2024-11-11 10:19:35.813073;249913644;566.3;19.4;33;22
2024-11-11 10:19:35.862159;249941485;359.6;16.1;13;14
2024-11-11 10:19:35.912114;249954278;114.0;11.0;0;10
2024-11-11 10:19:35.962572;249953626;-296.5;9.7;-14;10
2024-11-11 10:19:36.012162;249924928;-1083.6;15.2;-66;19
2024-11-11 10:19:36.062688;249848626;-1812.4;29.8;-157;40
2024-11-11 10:19:36.112222;249759998;-1460.0;39.8;-141;40
2024-11-11 10:19:36.162152;249682393;-1235.4;37.3;-119;36
2024-11-11 10:19:36.212145;249618460;-1184.3;31.8;-97;29
2024-11-11 10:19:36.262129;249551507;-1006.7;23.0;-53;20
2024-11-11 10:19:36.312125;249504402;-560.4;16.3;-6;14
2024-11-11 10:19:36.362075;249489235;53.6;13.2;5;13
2024-11-11 10:19:36.412140;249494216;287.5;13.0;17;13
2024-11-11 10:19:36.462095;249514572;429.5;14.8;24;16
2024-11-11 10:19:36.512059;249540471;635.4;17.4;46;19
2024-11-11 10:19:36.562055;249584939;1120.0;19.6;80;24
2024-11-11 10:19:36.612091;249652376;1481.0;19.9;94;33
2024-11-11 10:19:36.662092;249738411;1502.5;19.4;89;40
2024-11-11 10:19:36.712189;249814279;1273.6;19.6;71;40
2024-11-11 10:19:36.762294;249878349;828.1;19.4;45;33
2024-11-11 10:19:36.812019;249915539;520.9;19.6;29;22
2024-11-11 10:19:36.862191;249940015;286.2;15.4;10;14
2024-11-11 10:19:36.912612;249949629;60.8;12.1;1;11
2024-11-11 10:19:36.961981;249949184;-197.3;12.1;-11;12
2024-11-11 10:19:37.012022;249929269;-847.6;15.9;-60;18
2024-11-11 10:19:37.061979;249859201;-1952.1;30.9;-174;39
2024-11-11 10:19:37.111970;249758428;-1792.5;39.6;-180;40
2024-11-11 10:19:37.161994;249663225;-1398.1;36.0;-124;34
2024-11-11 10:19:37.212028;249594753;-1043.7;28.9;-66;26
2024-11-11 10:19:37.261969;249541715;-686.6;21.6;-31;19
2024-11-11 10:19:37.312230;249509375;-454.6;16.1;-7;15
2024-11-11 10:19:37.362186;249495677;60.8;13.7;6;13
2024-11-11 10:19:37.412056;249501428;303.4;13.9;20;14
2024-11-11 10:19:37.462009;249524817;520.0;15.9;30;17
2024-11-11 10:19:37.512060;249554612;727.3;18.5;56;21
2024-11-11 10:19:37.562022;249605603;1181.2;19.6;80;27
2024-11-11 10:19:37.612035;249672650;1424.1;19.9;87;35
2024-11-11 10:19:37.662484;249753616;1374.5;19.6;81;40
2024-11-11 10:19:37.712011;249822709;1196.2;19.6;68;40
2024-11-11 10:19:37.762028;249884217;874.4;19.6;51;32
2024-11-11 10:19:37.812078;249925686;633.2;19.0;32;19
2024-11-11 10:19:37.862041;249954588;317.9;12.6;6;10
2024-11-11 10:19:37.912034;249962430;-3.1;10.6;-1;10
2024-11-11 10:19:37.962051;249955406;-544.0;10.3;-24;10
2024-11-11 10:19:38.012138;249910001;-1588.6;17.2;-113;24
2024-11-11 10:19:38.062109;249804092;-2201.3;33.6;-195;40
2024-11-11 10:19:38.112034;249699192;-1600.8;39.1;-156;39
2024-11-11 10:19:38.162011;249615189;-1145.7;32.3;-89;28
2024-11-11 10:19:38.212085;249557319;-906.3;23.6;-42;21
2024-11-11 10:19:38.262030;249515557;-415.7;17.6;-8;16
2024-11-11 10:19:38.312091;249501882;-2.5;15.0;2;14
2024-11-11 10:19:38.362127;249502807;87.9;13.9;8;14
2024-11-11 10:19:38.412088;249510435;248.0;14.6;18;15
2024-11-11 10:19:38.462047;249530485;563.1;17.0;39;18
2024-11-11 10:19:38.512053;249566142;881.9;18.8;63;22
2024-11-11 10:19:38.562048;249625790;1384.8;19.9;90;29
2024-11-11 10:19:38.612040;249701693;1510.0;19.6;97;39
2024-11-11 10:19:38.662290;249787738;1419.2;19.9;80;40
2024-11-11 10:19:38.712269;249855415;1062.1;19.6;58;40
2024-11-11 10:19:38.762078;249908017;681.2;19.6;37;24
2024-11-11 10:19:38.812099;249936770;295.7;16.3;6;15
2024-11-11 10:19:38.862119;249944345;-13.1;14.3;-4;13
2024-11-11 10:19:38.912095;249934568;-587.0;15.0;-40;16
2024-11-11 10:19:38.962083;249882728;-1544.6;25.6;-127;32
2024-11-11 10:19:39.012095;249796740;-1706.1;36.7;-160;40
2024-11-11 10:19:39.062070;249707872;-1355.1;39.6;-136;40
2024-11-11 10:19:39.112101;249641109;-1085.8;34.5;-92;31
2024-11-11 10:19:39.162086;249580547;-901.3;26.7;-55;24
2024-11-11 10:19:39.212089;249537805;-592.0;21.0;-18;19
2024-11-11 10:19:39.262083;249513891;-139.7;17.0;0;16
2024-11-11 10:19:39.313132;249510842;44.1;15.0;9;15
2024-11-11 10:19:39.362651;249519022;295.6;15.2;20;16
2024-11-11 10:19:39.412105;249539159;589.4;17.9;45;19
2024-11-11 10:19:39.462053;249581615;1047.6;19.4;74;24
2024-11-11 10:19:39.512064;249645306;1518.5;20.1;100;32
2024-11-11 10:19:39.562030;249735400;1607.1;19.6;94;40
2024-11-11 10:19:39.612106;249816751;1411.3;19.9;79;40
2024-11-11 10:19:39.662060;249887541;873.2;19.4;46;30
2024-11-11 10:19:39.712181;249924943;441.8;19.0;21;19
2024-11-11 10:19:39.762787;249943301;106.7;14.3;1;13
2024-11-11 10:19:39.812107;249943004;-254.7;13.2;-18;13
2024-11-11 10:19:39.862585;249913229;-1099.6;19.0;-74;23
2024-11-11 10:19:39.912068;249843236;-1774.2;32.3;-166;40
2024-11-11 10:19:39.962075;249748267;-1488.7;39.8;-154;40
2024-11-11 10:19:40.012921;249672668;-1350.1;36.9;-127;35
2024-11-11 10:19:40.062111;249597429;-1151.6;28.7;-81;26
2024-11-11 10:19:40.112129;249540979;-824.6;21.4;-31;19
2024-11-11 10:19:40.162070;249505713;-228.7;16.3;1;15
2024-11-11 10:19:40.212107;249501690;59.7;14.1;8;14
2024-11-11 10:19:40.262433;249510008;341.8;14.6;22;15
2024-11-11 10:19:40.312099;249533875;640.7;16.5;46;18
2024-11-11 10:19:40.362550;249579179;1114.4;18.8;76;24
2024-11-11 10:19:40.412096;249646268;1553.5;19.9;102;32
2024-11-11 10:19:40.462063;249738838;1690.7;19.6;100;40
2024-11-11 10:19:40.512457;249824630;1460.3;19.9;82;40
2024-11-11 10:19:40.562092;249896677;879.7;19.4;45;28
2024-11-11 10:19:40.612115;249934016;456.0;17.4;17;16
2024-11-11 10:19:40.662076;249952229;173.1;12.6;2;11
2024-11-11 10:19:40.712187;249955314;-112.3;10.8;-10;10
2024-11-11 10:19:40.762081;249934824;-850.8;13.4;-48;16
2024-11-11 10:19:40.812113;249873545;-1828.2;27.2;-165;35
2024-11-11 10:19:40.862083;249764726;-1934.1;37.8;-194;40
2024-11-11 10:19:40.912098;249669203;-1561.5;36.7;-134;35
2024-11-11 10:19:40.962106;249589370;-1057.9;29.6;-73;25
2024-11-11 10:19:41.012124;249536619;-790.2;20.7;-29;18
2024-11-11 10:19:41.062003;249501738;-242.6;15.4;2;14
2024-11-11 10:19:41.112088;249497559;53.0;13.7;11;14
2024-11-11 10:19:41.162090;249508277;362.4;14.6;21;15
2024-11-11 10:19:41.212127;249531605;618.7;16.5;43;18
2024-11-11 10:19:41.262079;249574914;1032.0;19.0;71;23
2024-11-11 10:19:41.312081;249636779;1436.2;19.9;92;31
2024-11-11 10:19:41.362023;249720374;1517.0;19.9;94;40
2024-11-11 10:19:41.412071;249798798;1396.1;19.6;79;40
2024-11-11 10:19:41.462025;249871060;972.7;19.4;50;36
2024-11-11 10:19:41.512013;249913105;521.9;19.6;27;23
2024-11-11 10:19:41.562034;249935991;203.4;16.1;5;15
2024-11-11 10:19:41.612081;249940249;-100.6;14.6;-13;14
2024-11-11 10:19:41.662047;249919979;-861.1;17.6;-57;20
2024-11-11 10:19:41.712063;249860959;-1651.5;31.1;-155;39
2024-11-11 10:19:41.762022;249768775;-1502.9;39.6;-154;40
2024-11-11 10:19:41.812195;249692465;-1410.0;38.4;-137;38
2024-11-11 10:19:41.862160;249615727;-1221.8;31.4;-101;28
2024-11-11 10:19:41.912190;249550865;-1092.4;23.0;-51;20
2024-11-11 10:19:41.962092;249499721;-418.0;16.5;-3;14
2024-11-11 10:19:42.012163;249489946;16.9;13.0;3;13
2024-11-11 10:19:42.062117;249492677;220.1;13.0;16;13
2024-11-11 10:19:42.112134;249511214;551.9;13.9;32;15
2024-11-11 10:19:42.162092;249549824;910.3;17.9;63;20
2024-11-11 10:19:42.212654;249606995;1430.6;19.9;96;27
2024-11-11 10:19:42.262092;249694910;1664.6;19.9;101;38
2024-11-11 10:19:42.312147;249779027;1425.7;19.6;80;40
2024-11-11 10:19:42.362501;249852913;1052.9;19.9;57;40
2024-11-11 10:19:42.412168;249899270;601.4;19.4;32;27
2024-11-11 10:19:42.462101;249926827;287.7;18.1;13;18
2024-11-11 10:19:42.512140;249935888;-27.5;16.8;-9;15
2024-11-11 10:19:42.562159;249921109;-794.6;18.5;-58;20
2024-11-11 10:19:42.612170;249863401;-1645.3;30.0;-153;38
2024-11-11 10:19:42.662701;249771165;-1474.5;39.1;-144;40
2024-11-11 10:19:42.712163;249698232;-1306.2;38.4;-123;38
2024-11-11 10:19:42.762125;249628020;-1116.3;32.5;-98;30
2024-11-11 10:19:42.812217;249567410;-1109.5;24.5;-67;22
2024-11-11 10:19:42.862207;249507687;-799.1;17.2;-25;15
2024-11-11 10:19:42.912136;249476136;-143.4;13.4;3;11
2024-11-11 10:19:42.962156;249475429;167.6;10.6;10;11
2024-11-11 10:19:43.012203;249490566;459.0;11.9;23;13
2024-11-11 10:19:43.062147;249523430;834.7;15.4;51;17
2024-11-11 10:19:43.112243;249575778;1267.5;18.5;86;23
2024-11-11 10:19:43.162202;249655226;1596.6;19.9;99;33
2024-11-11 10:19:43.212211;249738480;1505.1;19.6;85;40
2024-11-11 10:19:43.262167;249819080;1254.1;19.9;72;40
2024-11-11 10:19:43.312172;249878661;867.2;19.4;46;33
2024-11-11 10:19:43.362148;249919554;463.2;19.6;25;20
2024-11-11 10:19:43.412246;249938570;178.6;16.5;2;15
2024-11-11 10:19:43.462266;249941513;-154.5;14.6;-15;14
2024-11-11 10:19:43.512189;249920076;-886.8;17.9;-63;20
2024-11-11 10:19:43.562185;249853774;-1640.0;32.7;-145;40
2024-11-11 10:19:43.612257;249772743;-1353.3;40.2;-131;40
2024-11-11 10:19:43.662370;249700692;-1152.7;39.1;-111;39
2024-11-11 10:19:43.712340;249643272;-1004.0;34.5;-94;32
2024-11-11 10:19:43.762940;249582920;-1073.2;26.5;-72;24
2024-11-11 10:19:43.812220;249528026;-873.7;19.2;-34;17
2024-11-11 10:19:43.862152;249487691;-298.5;13.7;0;12
2024-11-11 10:19:43.912191;249481985;55.7;11.9;7;12
2024-11-11 10:19:43.962334;249491726;396.1;12.3;21;13
2024-11-11 10:19:44.012675;249518256;721.6;14.8;44;16
2024-11-11 10:19:44.062169;249568747;1172.0;18.3;78;22
2024-11-11 10:19:44.112170;249639073;1646.1;20.1;105;31
2024-11-11 10:19:44.162196;249735276;1704.1;19.9;101;40
2024-11-11 10:19:44.212303;249820604;1414.4;19.6;74;40
2024-11-11 10:19:44.262153;249887776;728.5;19.6;37;30
2024-11-11 10:19:44.312289;249917253;263.6;19.9;7;21
2024-11-11 10:19:44.362276;249922956;-169.3;20.5;-22;20
2024-11-11 10:19:44.412178;249900709;-892.3;23.2;-77;26
2024-11-11 10:19:44.462165;249836758;-1511.4;35.1;-141;40
2024-11-11 10:19:44.512398;249761973;-1255.3;40.2;-125;40
2024-11-11 10:19:44.562213;249693707;-1093.9;38.7;-104;38
2024-11-11 10:19:44.612203;249638444;-986.0;33.4;-94;31
2024-11-11 10:19:44.662247;249577176;-1135.3;26.1;-78;23
2024-11-11 10:19:44.712594;249516288;-1081.5;18.3;-40;16
2024-11-11 10:19:44.762401;249466922;-299.6;12.6;1;10
2024-11-11 10:19:44.812903;249462162;105.7;9.7;9;10
2024-11-11 10:19:44.862238;249477372;530.1;10.8;20;11
2024-11-11 10:19:44.912115;249508568;734.0;13.2;41;15
2024-11-11 10:19:44.962079;249559612;1153.8;17.9;73;21
2024-11-11 10:19:45.012151;249626385;1449.6;19.6;91;30
2024-11-11 10:19:45.062122;249710455;1542.0;20.3;95;40
2024-11-11 10:19:45.112171;249788949;1320.8;19.9;73;40
2024-11-11 10:19:45.162162;249855968;899.6;19.6;47;40
2024-11-11 10:19:45.212095;249894693;473.8;19.6;24;28
2024-11-11 10:19:45.262143;249913754;81.3;20.5;4;22
2024-11-11 10:19:45.312122;249912969;-382.3;21.9;-41;23
2024-11-11 10:19:45.362117;249873919;-1259.1;30.5;-113;35
2024-11-11 10:19:45.412117;249804738;-1427.9;38.0;-135;40
2024-11-11 10:19:45.462102;249728958;-1173.1;40.0;-116;40
2024-11-11 10:19:45.512131;249669899;-1080.5;36.7;-107;35
2024-11-11 10:19:45.562111;249605222;-1197.2;29.8;-99;27
2024-11-11 10:19:45.612116;249539272;-1212.7;21.4;-58;19
2024-11-11 10:19:45.662713;249478970;-605.0;13.7;-8;11
2024-11-11 10:19:45.712631;249462622;58.6;10.6;4;10
2024-11-11 10:19:45.762117;249469544;310.5;10.1;13;10
2024-11-11 10:19:45.812100;249489622;463.1;11.5;23;13
2024-11-11 10:19:45.862489;249522178;803.8;15.4;47;17
2024-11-11 10:19:45.912153;249571719;1185.3;18.5;81;23
2024-11-11 10:19:45.962611;249647211;1498.5;19.9;93;32
2024-11-11 10:19:46.012142;249725943;1472.7;19.9;83;40
2024-11-11 10:19:46.062109;249802642;1090.6;19.4;61;40
2024-11-11 10:19:46.112476;249852844;703.9;19.6;38;40
2024-11-11 10:19:46.162105;249886456;426.2;19.6;26;31
2024-11-11 10:19:46.212168;249904929;175.9;20.1;6;25
2024-11-11 10:19:46.262254;249908920;-145.7;25.0;-29;24
2024-11-11 10:19:46.312125;249884670;-976.5;27.6;-95;31
2024-11-11 10:19:46.362126;249818477;-1408.2;36.9;-134;40
2024-11-11 10:19:46.412655;249748247;-1226.2;40.0;-119;40
2024-11-11 10:19:46.462075;249682034;-1106.9;36.9;-109;36
2024-11-11 10:19:46.512138;249622888;-1163.9;31.4;-103;29
2024-11-11 10:19:46.562073;249552194;-1264.7;23.2;-74;20
2024-11-11 10:19:46.612107;249487103;-937.4;14.3;-14;12
2024-11-11 10:19:46.662665;249459859;55.9;10.6;4;10
2024-11-11 10:19:46.712060;249464338;175.3;9.7;12;10
2024-11-11 10:19:46.762075;249482508;469.4;11.0;20;12
2024-11-11 10:19:46.812566;249511580;760.3;13.7;41;15
2024-11-11 10:19:46.862916;249562621;1130.7;17.4;74;22
2024-11-11 10:19:46.912085;249631378;1581.8;19.9;100;30
2024-11-11 10:19:46.962121;249722198;1597.3;19.9;97;40
2024-11-11 10:19:47.012206;249803860;1422.3;19.6;77;40
2024-11-11 10:19:47.062493;249874586;871.1;19.4;45;35
2024-11-11 10:19:47.112100;249911343;426.2;19.4;21;23
2024-11-11 10:19:47.162098;249927978;51.0;18.3;1;18
2024-11-11 10:19:47.212100;249924635;-414.8;18.3;-33;19
2024-11-11 10:19:47.262022;249887154;-1133.4;26.5;-92;31
2024-11-11 10:19:47.312694;249824472;-1297.8;36.2;-117;40
2024-11-11 10:19:47.362096;249757153;-1031.2;40.0;-100;40
2024-11-11 10:19:47.412109;249705174;-961.7;39.1;-97;39
2024-11-11 10:19:47.462113;249649986;-988.7;35.1;-92;32
2024-11-11 10:19:47.512099;249594798;-1060.3;28.0;-75;26
2024-11-11 10:19:47.562697;249535965;-916.2;21.4;-44;18
2024-11-11 10:19:47.612127;249492446;-531.1;14.3;-4;13
2024-11-11 10:19:47.662202;249479149;89.6;11.2;9;11
2024-11-11 10:19:47.712105;249490457;462.3;11.9;27;13
2024-11-11 10:19:47.762083;249526767;892.9;15.4;51;17
2024-11-11 10:19:47.812108;249580846;1305.8;18.8;88;24
2024-11-11 10:19:47.862113;249662124;1590.8;19.9;98;34
2024-11-11 10:19:47.912185;249745203;1522.2;19.6;89;40
2024-11-11 10:19:47.962117;249826626;1198.1;19.6;66;40
2024-11-11 10:19:48.012784;249880741;691.6;19.4;34;32
2024-11-11 10:19:48.062159;249910723;257.1;20.1;12;23
2024-11-11 10:19:48.112180;249917880;-10.3;22.3;-7;21
2024-11-11 10:19:48.162142;249907866;-517.0;22.7;-43;24
2024-11-11 10:19:48.212152;249870443;-1103.6;31.6;-103;36
2024-11-11 10:19:48.262153;249804880;-1196.0;38.7;-117;40
2024-11-11 10:19:48.312309;249743737;-1175.0;39.8;-120;40
2024-11-11 10:19:48.362208;249677917;-1086.8;37.1;-100;36
2024-11-11 10:19:48.412321;249622724;-949.3;31.4;-75;29
2024-11-11 10:19:48.462153;249569357;-823.0;25.0;-48;22
2024-11-11 10:19:48.512157;249527785;-712.4;18.5;-27;17
2024-11-11 10:19:48.562145;249494034;-265.6;14.1;0;13
2024-11-11 10:19:48.612175;249489383;110.8;12.1;12;13
2024-11-11 10:19:48.662884;249504716;525.8;14.1;29;15
2024-11-11 10:19:48.712471;249538029;889.8;17.2;64;19
2024-11-11 10:19:48.762167;249599181;1344.4;19.4;87;26
2024-11-11 10:19:48.812142;249674237;1572.4;19.9;95;35
2024-11-11 10:19:48.862134;249761585;1393.9;19.6;79;40
2024-11-11 10:19:48.912549;249827926;1006.2;19.6;54;40
2024-11-11 10:19:48.962145;249875058;480.8;19.6;22;34
2024-11-11 10:19:49.012154;249891376;19.1;26.1;7;29
2024-11-11 10:19:49.062155;249888436;-307.7;29.6;-30;30
2024-11-11 10:19:49.112169;249863989;-790.0;34.7;-82;38
2024-11-11 10:19:49.162209;249813387;-1029.7;39.3;-103;40
2024-11-11 10:19:49.212185;249759639;-1046.0;39.6;-109;40
2024-11-11 10:19:49.262140;249699368;-1054.2;39.1;-104;39
2024-11-11 10:19:49.312143;249644541;-1057.3;34.2;-101;32
2024-11-11 10:19:49.362368;249579948;-1152.3;27.4;-82;24
2024-11-11 10:19:49.412154;249518928;-996.8;18.5;-33;16
2024-11-11 10:19:49.462162;249477208;-140.5;13.9;4;11
2024-11-11 10:19:49.512158;249477000;128.1;10.3;11;11
2024-11-11 10:19:49.562690;249492735;491.1;12.1;24;13
2024-11-11 10:19:49.612235;249525673;865.7;15.4;54;17
2024-11-11 10:19:49.662114;249585041;1342.3;18.3;87;24
2024-11-11 10:19:49.712171;249660890;1573.8;19.6;98;34
2024-11-11 10:19:49.762370;249750381;1503.9;19.9;87;40
2024-11-11 10:19:49.812131;249824002;1163.3;19.9;62;40
2024-11-11 10:19:49.862263;249879243;590.0;19.4;29;33
2024-11-11 10:19:49.912348;249902377;162.8;20.5;6;26
2024-11-11 10:19:49.962228;249904234;-282.6;25.0;-28;25
2024-11-11 10:19:50.012664;249878887;-875.2;29.8;-80;33
2024-11-11 10:19:50.062229;249823209;-1158.7;37.1;-112;40
2024-11-11 10:19:50.112259;249763827;-1108.5;40.0;-115;40
2024-11-11 10:19:50.162242;249700419;-1125.2;39.1;-114;39
2024-11-11 10:19:50.212300;249641602;-1097.0;33.4;-104;31
2024-11-11 10:19:50.262593;249574213;-1219.9;25.8;-85;23
2024-11-11 10:19:50.312233;249508695;-1143.0;16.8;-37;15
2024-11-11 10:19:50.362215;249460629;-98.9;12.6;5;10
2024-11-11 10:19:50.412254;249463678;201.9;9.7;12;10
2024-11-11 10:19:50.462284;249481990;503.3;11.0;23;12
2024-11-11 10:19:50.512210;249514568;810.2;14.6;46;16
2024-11-11 10:19:50.562261;249568505;1198.1;18.1;78;22
2024-11-11 10:19:50.612302;249637600;1481.2;19.6;95;31
2024-11-11 10:19:50.662324;249723951;1557.4;20.1;95;40
2024-11-11 10:19:50.712250;249801941;1316.8;19.6;73;40
2024-11-11 10:19:50.762615;249868314;837.4;19.4;43;36
2024-11-11 10:19:50.812240;249903266;388.5;19.6;17;26
2024-11-11 10:19:50.862265;249916576;-5.1;22.7;-2;21
2024-11-11 10:19:50.912270;249908836;-487.1;23.2;-46;24
2024-11-11 10:19:50.962248;249867565;-1200.6;31.4;-115;37
2024-11-11 10:19:51.012634;249800831;-1349.5;38.9;-137;40
2024-11-11 10:19:51.062258;249727150;-1181.6;39.8;-117;40
2024-11-11 10:19:51.112249;249667770;-1046.7;36.9;-99;35
2024-11-11 10:19:51.162279;249607258;-1032.4;29.6;-81;27
2024-11-11 10:19:51.212301;249552018;-1020.9;22.5;-55;20
2024-11-11 10:19:51.262719;249497736;-696.0;16.5;-17;14
2024-11-11 10:19:51.312253;249473726;56.6;12.3;9;11
2024-11-11 10:19:51.362284;249483810;362.5;11.5;19;12
2024-11-11 10:19:51.412225;249509191;684.7;13.7;40;15
2024-11-11 10:19:51.462274;249558203;1163.4;18.3;77;21
2024-11-11 10:19:51.512233;249627514;1509.4;19.6;93;30
2024-11-11 10:19:51.562177;249713896;1550.7;20.1;95;40
2024-11-11 10:19:51.612349;249791133;1215.5;19.4;64;40
2024-11-11 10:19:51.662195;249851322;814.7;19.4;44;40
2024-11-11 10:19:51.712161;249886560;437.0;19.9;23;31
2024-11-11 10:19:51.762216;249904790;56.3;22.7;6;25
2024-11-11 10:19:51.812206;249903243;-390.4;25.2;-41;26
2024-11-11 10:19:51.862203;249867078;-1118.0;31.8;-106;37
2024-11-11 10:19:51.913587;249805271;-1282.3;38.9;-128;40
2024-11-11 10:19:51.962330;249734577;-1156.2;40.0;-118;40
2024-11-11 10:19:52.012271;249675210;-1107.9;37.1;-111;36
2024-11-11 10:19:52.062305;249609724;-1212.4;30.7;-103;27
2024-11-11 10:19:52.112183;249541517;-1297.5;21.4;-63;19
2024-11-11 10:19:52.162601;249476850;-644.0;13.9;-10;11
2024-11-11 10:19:52.212199;249457974;22.4;10.1;5;10
2024-11-11 10:19:52.262208;249464721;412.2;10.1;17;10
2024-11-11 10:19:52.312200;249491806;583.4;11.5;29;13
2024-11-11 10:19:52.362205;249532858;947.6;15.7;56;18
2024-11-11 10:19:52.412179;249589744;1343.2;19.2;88;25
2024-11-11 10:19:52.462187;249672126;1599.3;19.6;100;35
2024-11-11 10:19:52.512505;249756529;1544.1;19.6;87;40
2024-11-11 10:19:52.562318;249836089;1117.2;19.9;61;40
2024-11-11 10:19:52.612144;249885055;551.7;19.6;23;31
2024-11-11 10:19:52.662705;249905025;18.6;24.3;4;25
2024-11-11 10:19:52.712186;249900950;-411.2;25.6;-39;26
2024-11-11 10:19:52.762162;249870325;-960.4;32.5;-88;36
2024-11-11 10:19:52.812135;249813196;-1127.8;38.9;-110;40
2024-11-11 10:19:52.862136;249751221;-1062.6;40.0;-110;40
2024-11-11 10:19:52.912131;249695481;-1036.3;38.7;-102;38
2024-11-11 10:19:52.962158;249640751;-1050.1;33.1;-96;31
2024-11-11 10:19:53.012664;249578151;-1053.1;26.7;-64;24
2024-11-11 10:19:53.062579;249523068;-774.9;19.9;-32;17
2024-11-11 10:19:53.112161;249488304;-380.3;13.7;-4;12
2024-11-11 10:19:53.162563;249477354;35.6;11.2;3;11
2024-11-11 10:19:53.212166;249481747;289.1;11.7;18;12
2024-11-11 10:19:53.262165;249506050;643.3;13.9;35;15
2024-11-11 10:19:53.312289;249546419;965.0;18.1;68;20
2024-11-11 10:19:53.362195;249610345;1432.5;20.1;94;28
2024-11-11 10:19:53.412930;249688131;1506.9;19.6;91;37
2024-11-11 10:19:53.462165;249765635;1342.1;19.9;77;40
2024-11-11 10:19:53.512190;249834910;921.5;19.6;47;40
2024-11-11 10:19:53.562203;249876583;387.1;19.9;17;34
2024-11-11 10:19:53.612589;249888530;-1.0;29.8;0;30
2024-11-11 10:19:53.662379;249881537;-548.8;31.6;-61;32
2024-11-11 10:19:53.712415;249840109;-1074.2;36.7;-113;40
2024-11-11 10:19:53.762215;249781468;-1138.9;40.0;-117;40
2024-11-11 10:19:53.812296;249717095;-1146.8;39.8;-118;40
2024-11-11 10:19:53.862294;249652816;-1081.2;35.8;-102;33
2024-11-11 10:19:53.912194;249594123;-1062.4;28.3;-76;26
2024-11-11 10:19:53.962173;249535036;-928.4;21.2;-48;18
2024-11-11 10:19:54.012185;249488484;-653.4;13.7;-10;12
2024-11-11 10:19:54.062378;249467561;67.5;10.8;5;10
2024-11-11 10:19:54.112202;249474585;359.5;10.6;21;11
2024-11-11 10:19:54.162176;249506254;767.3;13.0;39;15
2024-11-11 10:19:54.212207;249554488;1172.7;17.9;80;21
2024-11-11 10:19:54.262230;249629049;1522.8;19.9;95;30
2024-11-11 10:19:54.312352;249708794;1523.0;20.1;93;40
2024-11-11 10:19:54.362235;249793158;1315.9;19.6;72;40
2024-11-11 10:19:54.412418;249853374;829.1;19.4;40;40
2024-11-11 10:19:54.462189;249887559;255.5;19.4;9;30
2024-11-11 10:19:54.512199;249894687;-79.9;29.2;-30;28
2024-11-11 10:19:54.562257;249876017;-827.9;31.1;-79;34
2024-11-11 10:19:54.612166;249823418;-1200.0;37.6;-119;40
2024-11-11 10:19:54.662197;249821922;-1112.7;40.2;-117;40
2024-11-11 10:19:54.712183;249696356;-1173.3;38.4;-116;38
2024-11-11 10:19:54.762376;249630863;-1111.1;32.9;-101;30
2024-11-11 10:19:54.812199;249568324;-1204.7;24.5;-72;22
2024-11-11 10:19:54.862176;249507894;-919.6;17.2;-32;15
2024-11-11 10:19:54.912402;249465138;-228.3;12.6;2;10
2024-11-11 10:19:54.962189;249462935;168.5;9.5;11;10
2024-11-11 10:19:55.012193;249480300;519.6;10.3;19;11
2024-11-11 10:19:55.062191;249509909;728.2;13.0;39;15
2024-11-11 10:19:55.112182;249558956;1103.8;18.1;75;21
2024-11-11 10:19:55.162192;249622997;1436.4;20.1;89;29
2024-11-11 10:19:55.212280;249703354;1387.7;19.6;89;39
2024-11-11 10:19:55.262244;249777056;1326.9;19.9;76;40
2024-11-11 10:19:55.312204;249846076;942.5;19.6;47;40
2024-11-11 10:19:55.362171;249886442;418.2;19.9;19;31
2024-11-11 10:19:55.412210;249901728;-6.3;28.3;-9;26
2024-11-11 10:19:55.462198;249891703;-618.0;28.0;-63;29
2024-11-11 10:19:55.512222;249846271;-1134.7;35.1;-111;40
2024-11-11 10:19:55.562258;249786851;-1080.1;40.2;-108;40
2024-11-11 10:19:55.612785;249725832;-1105.7;39.8;-112;40
2024-11-11 10:19:55.662219;249668784;-1002.9;36.5;-96;35
2024-11-11 10:19:55.712209;249611092;-927.4;30.7;-73;28
2024-11-11 10:19:55.762643;249562011;-890.5;24.5;-53;22
2024-11-11 10:19:55.812215;249512367;-743.3;17.0;-26;15
2024-11-11 10:19:55.862232;249479329;-225.7;12.6;2;11
2024-11-11 10:19:55.912310;249475853;250.2;11.0;17;11
2024-11-11 10:19:55.962185;249497710;624.5;12.6;31;14
2024-11-11 10:19:56.012205;249539582;1016.0;17.0;69;19
2024-11-11 10:19:56.062187;249601624;1475.3;19.4;93;26
2024-11-11 10:19:56.112207;249686945;1554.9;19.6;98;37
2024-11-11 10:19:56.162193;249768547;1413.5;19.9;81;40
2024-11-11 10:19:56.212193;249841514;979.8;19.6;49;40
2024-11-11 10:19:56.262200;249883657;418.4;19.4;18;32
2024-11-11 10:19:56.312201;249897787;-9.7;29.4;-13;27
2024-11-11 10:19:56.362213;249886889;-637.3;29.8;-67;31
2024-11-11 10:19:56.412220;249840544;-1147.9;36.2;-119;40
2024-11-11 10:19:56.462224;249779013;-1184.3;40.0;-120;40
2024-11-11 10:19:56.512253;249712779;-1146.9;39.6;-114;40
2024-11-11 10:19:56.562330;249654667;-994.1;35.6;-94;33
2024-11-11 10:19:56.612236;249595508;-1017.0;28.3;-71;26
2024-11-11 10:19:56.662221;249544264;-790.9;21.6;-36;19
2024-11-11 10:19:56.712670;249504359;-434.2;15.7;-8;14
2024-11-11 10:19:56.762189;249488981;1.0;13.7;3;13
2024-11-11 10:19:56.812168;249490519;150.0;12.3;17;13
2024-11-11 10:19:56.862181;249508425;684.1;14.3;37;15
2024-11-11 10:19:56.912204;249553080;999.3;17.6;72;20
2024-11-11 10:19:56.962208;249614620;1428.4;19.9;87;28
2024-11-11 10:19:57.012196;249695100;1401.9;19.6;83;38
2024-11-11 10:19:57.062168;249765205;1160.3;19.6;67;40
2024-11-11 10:19:57.112222;249825923;844.6;19.6;44;40
2024-11-11 10:19:57.162230;249863034;431.9;19.4;23;38
2024-11-11 10:19:57.212196;249880976;46.6;25.4;8;32
2024-11-11 10:19:57.262196;249880543;-345.7;31.4;-37;32
2024-11-11 10:19:57.312181;249851285;-979.1;37.1;-110;40
2024-11-11 10:19:57.362189;249794388;-1277.2;40.0;-137;40
2024-11-11 10:19:57.412200;249720184;-1325.4;39.8;-139;40
2024-11-11 10:19:57.462209;249651283;-1190.4;35.8;-108;33
2024-11-11 10:19:57.512156;249584344;-1100.6;26.7;-76;24
2024-11-11 10:19:57.562188;249526531;-955.3;19.6;-42;17
2024-11-11 10:19:57.612292;249477785;-480.8;12.8;-4;11
2024-11-11 10:19:57.662867;249464780;32.9;9.9;4;10
2024-11-11 10:19:57.712258;249470981;333.0;9.9;13;10
2024-11-11 10:19:57.762279;249492247;563.0;11.5;27;13
2024-11-11 10:19:57.812263;249530775;909.5;16.1;58;18
2024-11-11 10:19:57.862253;249586263;1345.0;19.4;85;25
2024-11-11 10:19:57.912264;249662331;1356.1;19.6;85;34
2024-11-11 10:19:57.962256;249734451;1360.0;19.6;80;40
2024-11-11 10:19:58.012449;249806887;1026.3;19.6;54;40
2024-11-11 10:19:58.062727;249852718;594.2;19.4;34;40
2024-11-11 10:19:58.112286;249881468;284.3;19.4;12;32
2024-11-11 10:19:58.162296;249889427;-23.5;31.6;-9;30
2024-11-11 10:19:58.212652;249876451;-638.1;32.7;-75;34
2024-11-11 10:19:58.262305;249833446;-1136.6;37.8;-119;40
2024-11-11 10:19:58.417267;249637481;-947.1;34.5;-87;31
2024-11-11 10:19:58.467303;249580594;-1006.4;26.7;-69;24
2024-11-11 10:19:58.517220;249527711;-939.9;19.4;-41;17
2024-11-11 10:19:58.567338;249479992;-558.0;12.6;-9;11
2024-11-11 10:19:58.617364;249463554;102.4;10.1;10;10
2024-11-11 10:19:58.667504;249478860;513.6;10.6;20;11
2024-11-11 10:19:58.717389;249509658;762.1;13.2;42;15
2024-11-11 10:19:58.767469;249562470;1174.1;17.9;75;22
2024-11-11 10:19:58.817184;249630575;1479.2;19.9;90;30
2024-11-11 10:19:58.867170;249713771;1511.6;20.3;95;40
2024-11-11 10:19:58.917195;249792082;1377.2;19.6;76;40
2024-11-11 10:19:58.967196;249862704;944.2;19.9;47;38
2024-11-11 10:19:59.017242;249900488;317.3;19.2;10;26
2024-11-11 10:19:59.067210;249908242;-139.1;25.2;-34;24
2024-11-11 10:19:59.117188;249882151;-983.0;28.0;-93;32
2024-11-11 10:19:59.167158;249817605;-1325.6;36.9;-120;40
2024-11-11 10:19:59.217229;249753517;-1060.6;40.2;-102;40
2024-11-11 10:19:59.267230;249696039;-959.2;38.2;-91;38
2024-11-11 10:19:59.317249;249646993;-876.5;34.0;-80;32
2024-11-11 10:19:59.367182;249594892;-899.5;27.8;-69;26
2024-11-11 10:19:59.417201;249544762;-1002.6;21.2;-58;19
2024-11-11 10:19:59.467225;249485243;-1044.3;13.9;-32;12
2024-11-11 10:19:59.517414;249440832;-222.1;12.1;5;10
2024-11-11 10:19:59.572539;249441446;304.3;10.3;16;10
2024-11-11 10:19:59.622217;249466052;668.0;9.7;24;10
2024-11-11 10:19:59.672232;249509728;994.6;13.2;52;15
2024-11-11 10:19:59.722229;249569447;1329.0;17.9;80;23
2024-11-11 10:19:59.772243;249647637;1475.2;19.9;91;32
2024-11-11 10:19:59.822257;249724831;1410.8;19.6;82;40
2024-11-11 10:19:59.872341;249799960;1109.5;19.6;60;40
2024-11-11 10:19:59.922332;249850910;663.9;19.4;35;40
2024-11-11 10:19:59.972287;249881426;246.3;19.6;7;32
2024-11-11 10:20:00.022342;249886776;-143.9;30.9;-32;31
2024-11-11 10:20:00.072264;249865264;-854.9;34.0;-93;37
2024-11-11 10:20:00.122223;249813167;-1258.0;39.1;-136;40
2024-11-11 10:20:00.172240;249739486;-1336.6;39.8;-141;40
2024-11-11 10:20:00.222257;249669960;-1256.8;36.5;-123;35
2024-11-11 10:20:00.272249;249597023;-1281.7;29.2;-99;26
2024-11-11 10:20:00.322249;249528191;-1206.6;19.6;-56;17
2024-11-11 10:20:00.372217;249465518;-596.5;13.2;-6;10
2024-11-11 10:20:00.422247;249448532;30.8;10.1;4;10
2024-11-11 10:20:00.472257;249453492;278.6;9.9;16;10
2024-11-11 10:20:00.522329;249475879;601.6;10.3;22;11
2024-11-11 10:20:00.572387;249513214;804.2;13.9;47;16
2024-11-11 10:20:00.622294;249563102;1200.0;18.1;77;22
2024-11-11 10:20:00.672338;249635798;1388.3;19.6;84;31
2024-11-11 10:20:00.722262;249708463;1395.1;20.1;85;40
2024-11-11 10:20:00.772263;249784787;1203.4;19.9;67;40
2024-11-11 10:20:00.822240;249841964;795.8;19.4;41;40
2024-11-11 10:20:00.872263;249879143;355.6;19.4;14;33
2024-11-11 10:20:00.922285;249889601;-10.1;31.4;-2;30
2024-11-11 10:20:00.972378;249880494;-519.0;31.6;-63;32
2024-11-11 10:20:01.022989;249842372;-1093.8;36.0;-111;40
2024-11-11 10:20:01.072272;249778910;-1169.0;40.0;-122;40
2024-11-11 10:20:01.122269;249717358;-1184.4;39.8;-121;40
2024-11-11 10:20:01.172272;249651533;-1065.7;35.1;-101;33
2024-11-11 10:20:01.222747;249593142;-1170.6;27.8;-93;25
2024-11-11 10:20:01.272780;249521607;-1316.9;19.6;-59;17
2024-11-11 10:20:01.322236;249459231;-604.2;12.8;-9;10
2024-11-11 10:20:01.372247;249435506;-22.7;10.3;5;10
2024-11-11 10:20:01.422404;249439645;257.6;9.9;13;10
2024-11-11 10:20:01.472606;249461535;673.5;10.1;25;10
2024-11-11 10:20:01.522268;249502003;882.6;12.6;39;14
2024-11-11 10:20:01.572479;249557123;1138.8;17.6;74;21
2024-11-11 10:20:01.622613;249622271;1446.5;19.9;90;29
2024-11-11 10:20:01.672364;249705234;1462.8;19.9;89;39
2024-11-11 10:20:01.722920;249780154;1292.0;19.9;73;40
2024-11-11 10:20:01.772815;249846224;844.1;19.4;41;40
2024-11-11 10:20:01.822233;249881232;275.5;19.6;10;32
2024-11-11 10:20:01.872231;249889134;-74.9;31.1;-28;30
2024-11-11 10:20:01.922287;249870223;-817.3;32.7;-84;36
2024-11-11 10:20:01.972231;249818288;-1145.4;38.4;-114;40
2024-11-11 10:20:02.022252;249758052;-1138.6;40.0;-118;40
2024-11-11 10:20:02.072222;249693114;-1149.6;38.4;-113;38
2024-11-11 10:20:02.122221;249633879;-1015.3;32.5;-89;30
2024-11-11 10:20:02.172267;249573363;-1112.2;25.4;-74;23
2024-11-11 10:20:02.222281;249514809;-979.5;18.1;-39;16
2024-11-11 10:20:02.272205;249466640;-366.5;12.8;-2;10
2024-11-11 10:20:02.322203;249457473;27.4;9.9;3;10
2024-11-11 10:20:02.372215;249462528;346.6;10.1;16;10
2024-11-11 10:20:02.422193;249487339;679.9;11.2;29;12
2024-11-11 10:20:02.472218;249530553;889.7;15.9;51;18
2024-11-11 10:20:02.522256;249583680;1263.5;19.4;79;24
2024-11-11 10:20:02.572328;249657024;1333.2;19.9;82;33
2024-11-11 10:20:02.622214;249725569;1218.3;19.6;72;40
2024-11-11 10:20:02.672222;249790620;924.0;19.6;51;40
2024-11-11 10:20:02.722227;249831956;539.2;19.6;31;40
2024-11-11 10:20:02.772228;249858722;322.7;19.6;19;39
2024-11-11 10:20:02.822247;249872769;196.0;20.1;12;35
2024-11-11 10:20:02.872280;249881829;109.1;19.4;7;32
2024-11-11 10:20:02.922186;249885096;4.1;20.7;6;31
2024-11-11 10:20:02.972238;249885506;9.5;21.4;5;31
2024-11-11 10:20:03.022234;249885923;20.5;19.9;5;31
2024-11-11 10:20:03.072225;249887173;22.2;19.4;6;31
2024-11-11 10:20:03.122235;249888765;38.9;19.6;6;30
2024-11-11 10:20:03.172330;249890643;24.2;19.6;6;30
2024-11-11 10:20:03.222602;249892024;30.3;19.6;7;29
2024-11-11 10:20:03.272242;249894248;65.8;19.6;8;28
2024-11-11 10:20:03.322675;249897557;69.4;19.6;10;27
2024-11-11 10:20:03.372241;249902315;89.5;19.4;10;26
2024-11-11 10:20:03.422797;249907847;135.3;19.2;12;24
2024-11-11 10:20:03.472361;249915950;-129.6;0.0;0;22
