TIMESTAMP;POSITION;SPEED;LOAD;POWER;TORQUEREF
2024-11-11 11:38:17.793474;249927457;241.7;13.4;0;9
2024-11-11 11:38:17.838538;249931776;137.0;8.8;3;8
2024-11-11 11:38:17.883443;249937717;140.6;8.6;3;8
2024-11-11 11:38:17.928462;249941074;23.6;7.3;0;7
2024-11-11 11:38:17.973424;249941535;-13.4;7.0;0;7
2024-11-11 11:38:18.018457;249938693;-80.9;6.8;-1;7
2024-11-11 11:38:18.063424;249934100;-112.5;7.5;-2;8
2024-11-11 11:38:18.108478;249927941;-128.2;8.8;-3;9
2024-11-11 11:38:18.153428;249920607;-171.0;9.5;-5;10
2024-11-11 11:38:18.198463;249908255;-342.2;11.2;-12;12
2024-11-11 11:38:18.243488;249887390;-626.2;13.7;-28;15
2024-11-11 11:38:18.288480;249850502;-1020.9;17.9;-61;20
2024-11-11 11:38:18.333432;249794585;-1333.0;19.4;-78;20
2024-11-11 11:38:18.378476;249721208;-1436.7;19.6;-76;20
2024-11-11 11:38:18.423422;249655555;-1193.8;18.1;-51;17
2024-11-11 11:38:18.468481;249605571;-803.9;14.6;-23;13
2024-11-11 11:38:18.513461;249573787;-476.4;12.3;-9;12
2024-11-11 11:38:18.558475;249558049;-69.5;11.2;1;11
2024-11-11 11:38:18.603431;249557411;14.5;9.7;3;10
2024-11-11 11:38:18.648497;249563206;305.4;10.8;15;11
2024-11-11 11:38:18.693429;249582900;531.8;11.5;24;12
2024-11-11 11:38:18.738482;249616384;766.0;13.2;36;14
2024-11-11 11:38:18.783436;249657477;970.5;15.7;54;17
2024-11-11 11:38:18.828523;249708310;1151.5;18.5;75;20
2024-11-11 11:38:18.873696;249766431;1252.0;19.9;78;20
2024-11-11 11:38:18.918777;249830911;1152.1;19.6;69;20
2024-11-11 11:38:18.963760;249882183;923.1;16.8;43;16
2024-11-11 11:38:19.008503;249920643;661.1;11.7;15;10
2024-11-11 11:38:19.053474;249943898;317.2;8.1;3;6
2024-11-11 11:38:19.098478;249952356;6.6;5.7;-1;5
2024-11-11 11:38:19.143443;249945389;-407.9;6.1;-10;6
2024-11-11 11:38:19.188481;249914297;-1094.0;9.2;-43;11
2024-11-11 11:38:19.233459;249845083;-1940.7;15.2;-100;20
2024-11-11 11:38:19.278495;249739623;-1955.5;19.6;-100;20
2024-11-11 11:38:19.323447;249652910;-1530.1;17.0;-65;16
2024-11-11 11:38:19.368534;249587834;-1073.9;13.2;-29;12
2024-11-11 11:38:19.413458;249546199;-590.9;11.0;-10;10
2024-11-11 11:38:19.458502;249525325;-200.7;9.0;-2;9
2024-11-11 11:38:19.503479;249520698;5.9;7.9;1;8
2024-11-11 11:38:19.548506;249522019;96.8;7.9;4;8
2024-11-11 11:38:19.593470;249529342;278.2;8.6;11;9
2024-11-11 11:38:19.638593;249549030;483.9;9.5;17;10
2024-11-11 11:38:19.683477;249576464;696.4;11.2;28;12
2024-11-11 11:38:19.728542;249615136;942.9;13.2;45;14
2024-11-11 11:38:19.773489;249664826;1143.3;15.7;63;17
2024-11-11 11:38:19.818513;249728104;1252.9;18.5;76;20
2024-11-11 11:38:19.863484;249788819;1245.9;19.6;76;20
2024-11-11 11:38:19.908540;249847206;1150.8;19.9;67;20
2024-11-11 11:38:19.953499;249898777;943.7;15.9;34;14
2024-11-11 11:38:19.998537;249938503;567.4;9.2;10;7
2024-11-11 11:38:20.043562;249957639;276.1;5.7;5;5
2024-11-11 11:38:20.088535;249970101;180.3;4.6;2;5
2024-11-11 11:38:20.133496;249976399;-2.4;5.0;0;5
2024-11-11 11:38:20.178563;249970771;-409.5;4.4;-7;5
2024-11-11 11:38:20.223527;249941441;-894.5;5.9;-19;7
2024-11-11 11:38:20.268558;249886982;-1481.5;11.5;-63;15
2024-11-11 11:38:20.313529;249808703;-1799.3;17.4;-96;20
2024-11-11 11:38:20.358547;249713782;-1741.3;19.6;-89;20
2024-11-11 11:38:20.403515;249637789;-1315.8;16.3;-51;15
2024-11-11 11:38:20.448562;249583783;-832.3;13.0;-21;12
2024-11-11 11:38:20.493512;249553139;-426.1;10.6;-7;10
2024-11-11 11:38:20.538554;249538001;-129.2;9.0;0;9
2024-11-11 11:38:20.583507;249535797;11.7;8.6;2;9
2024-11-11 11:38:20.628547;249539894;245.1;9.0;11;9
2024-11-11 11:38:20.673523;249556347;434.8;9.5;16;10
2024-11-11 11:38:20.718567;249584556;700.9;11.0;30;12
2024-11-11 11:38:20.763520;249624209;969.2;13.7;48;15
2024-11-11 11:38:20.808552;249676414;1219.3;16.8;73;18
2024-11-11 11:38:20.853519;249739368;1404.9;19.0;87;20
2024-11-11 11:38:20.898594;249814625;1432.5;19.6;88;20
2024-11-11 11:38:20.943521;249882077;1311.4;17.4;61;16
2024-11-11 11:38:20.988552;249937749;979.8;11.0;19;8
2024-11-11 11:38:21.033590;249975670;628.9;6.1;9;5
2024-11-11 11:38:21.078564;250003684;401.8;5.0;5;5
2024-11-11 11:38:21.123536;250020138;215.8;4.8;1;5
2024-11-11 11:38:21.168556;250023779;-62.7;5.0;-3;5
2024-11-11 11:38:21.213685;250012081;-505.3;5.0;-10;5
2024-11-11 11:38:21.258563;249975096;-981.7;5.0;-16;5
2024-11-11 11:38:21.303519;249916855;-1532.9;7.9;-44;11
2024-11-11 11:38:21.348567;249835965;-1864.1;15.7;-96;20
2024-11-11 11:38:21.393528;249747698;-1776.8;19.4;-93;20
2024-11-11 11:38:21.438644;249660309;-1450.7;18.1;-63;17
2024-11-11 11:38:21.483544;249599376;-1005.1;14.3;-33;13
2024-11-11 11:38:21.528566;249558170;-657.9;11.5;-15;11
2024-11-11 11:38:21.573476;249533834;-304.2;9.5;-3;9
2024-11-11 11:38:21.618563;249525534;-7.5;9.0;1;9
2024-11-11 11:38:21.663479;249526000;75.7;8.8;6;9
2024-11-11 11:38:21.708567;249534581;293.4;8.4;11;9
2024-11-11 11:38:21.753484;249552505;498.4;9.7;19;10
2024-11-11 11:38:21.798570;249585103;773.6;11.0;32;12
2024-11-11 11:38:21.843551;249627902;1040.2;13.9;51;15
2024-11-11 11:38:21.888586;249683775;1290.2;16.8;77;18
2024-11-11 11:38:21.933488;249751216;1533.5;19.0;96;20
2024-11-11 11:38:21.978587;249834894;1624.4;19.6;100;20
2024-11-11 11:38:22.023478;249911408;1485.0;15.4;56;12
2024-11-11 11:38:22.068595;249972276;1029.4;7.7;14;5
2024-11-11 11:38:22.113660;250013329;641.2;4.6;8;5
2024-11-11 11:38:22.158892;250042727;452.6;5.0;5;5
2024-11-11 11:38:22.203494;250059423;184.0;4.6;0;5
2024-11-11 11:38:22.248686;250061836;-70.6;4.4;-2;5
2024-11-11 11:38:22.293814;250051391;-363.9;5.0;-6;5
2024-11-11 11:38:22.338626;250026571;-630.7;5.7;-13;5
2024-11-11 11:38:22.383568;249986198;-1168.7;5.0;-20;5
2024-11-11 11:38:22.428627;249919743;-1722.6;7.7;-52;10
2024-11-11 11:38:22.473589;249826363;-2223.5;14.8;-107;20
2024-11-11 11:38:22.518613;249711758;-1979.9;19.6;-98;20
2024-11-11 11:38:22.563573;249627985;-1372.0;16.8;-53;15
2024-11-11 11:38:22.608607;249572408;-870.6;12.1;-23;11
2024-11-11 11:38:22.653751;249538610;-494.8;9.7;-8;9
2024-11-11 11:38:22.698630;249519937;-188.9;8.4;-2;8
2024-11-11 11:38:22.743589;249515014;6.9;7.9;1;8
2024-11-11 11:38:22.788631;249516165;87.6;7.7;4;8
2024-11-11 11:38:22.833657;249524243;314.5;8.1;10;8
2024-11-11 11:38:22.878630;249546145;553.6;9.2;20;10
2024-11-11 11:38:22.923603;249578396;819.5;11.2;33;12
2024-11-11 11:38:22.968617;249622937;1066.2;14.1;52;15
2024-11-11 11:38:23.013612;249680090;1331.3;16.8;78;18
2024-11-11 11:38:23.058648;249755320;1527.0;19.0;93;20
2024-11-11 11:38:23.103575;249829878;1544.6;19.6;94;20
2024-11-11 11:38:23.148618;249902072;1367.4;15.4;55;13
2024-11-11 11:38:23.193839;249959172;1007.6;8.1;16;5
2024-11-11 11:38:23.238655;250003784;677.9;5.3;10;5
2024-11-11 11:38:23.283560;250033057;453.2;5.0;5;5
2024-11-11 11:38:23.328597;250049872;215.9;5.0;2;5
2024-11-11 11:38:23.373636;250054406;-41.3;4.8;-2;5
2024-11-11 11:38:23.418639;250045486;-337.3;4.8;-5;5
2024-11-11 11:38:23.463587;250023711;-674.1;4.8;-11;5
2024-11-11 11:38:23.508632;249981495;-1220.5;4.8;-19;5
2024-11-11 11:38:23.553600;249910582;-1890.0;8.6;-64;12
2024-11-11 11:38:23.598629;249797552;-2454.6;15.4;-118;20
2024-11-11 11:38:23.643675;249681444;-2174.6;18.5;-100;18
2024-11-11 11:38:23.688641;249590074;-1475.7;15.0;-49;13
2024-11-11 11:38:23.733606;249532605;-835.6;10.3;-15;9
2024-11-11 11:38:23.778640;249501379;-316.4;7.5;-3;7
2024-11-11 11:38:23.823592;249492729;-40.4;6.4;0;6
2024-11-11 11:38:23.868639;249492284;2.9;6.1;0;6
2024-11-11 11:38:23.913587;249492924;66.2;6.6;4;7
2024-11-11 11:38:23.958648;249501086;257.2;6.8;6;7
2024-11-11 11:38:24.003621;249516220;396.4;7.5;11;8
2024-11-11 11:38:24.048679;249539798;613.3;8.4;19;9
2024-11-11 11:38:24.093619;249573950;849.3;10.6;35;12
2024-11-11 11:38:24.138645;249626148;1128.1;13.7;54;15
2024-11-11 11:38:24.183630;249684834;1330.3;16.8;76;18
2024-11-11 11:38:24.228644;249753407;1497.2;18.8;92;20
2024-11-11 11:38:24.273589;249827094;1555.3;19.6;95;20
2024-11-11 11:38:24.318610;249906565;1421.0;14.1;48;12
2024-11-11 11:38:24.363603;249962661;978.4;8.4;17;5
2024-11-11 11:38:24.408673;250001957;655.7;5.3;10;5
2024-11-11 11:38:24.453665;250031570;487.9;4.8;5;5
2024-11-11 11:38:24.498681;250051140;275.6;4.8;3;5
2024-11-11 11:38:24.543617;250061884;152.0;4.6;2;5
2024-11-11 11:38:24.588674;250068809;104.7;4.6;1;5
2024-11-11 11:38:24.633692;250071866;8.8;4.8;0;5
2024-11-11 11:38:24.678689;250072003;6.8;4.8;0;5
2024-11-11 11:38:24.723744;250072688;15.6;4.8;0;5
2024-11-11 11:38:24.768660;250073377;19.0;4.8;0;5
2024-11-11 11:38:24.813629;250074167;6.2;4.8;0;5
2024-11-11 11:38:24.858690;250074543;12.7;4.8;0;5
2024-11-11 11:38:24.903648;250075311;20.6;4.8;1;5
2024-11-11 11:38:24.949105;250077698;118.0;5.3;2;5
2024-11-11 11:38:24.993622;250084258;165.4;5.0;2;5
2024-11-11 11:38:25.038717;250092481;126.8;4.8;0;5
2024-11-11 11:38:25.083664;250094534;15.8;4.8;1;5
2024-11-11 11:38:25.128692;250098024;145.0;5.3;2;5
2024-11-11 11:38:25.173679;250102852;65.9;4.8;2;5
2024-11-11 11:38:25.218727;250108323;100.1;4.6;2;5
2024-11-11 11:38:25.263651;250114256;120.9;4.6;2;5
2024-11-11 11:38:25.308675;250120377;115.1;4.6;1;5
2024-11-11 11:38:25.353656;250126204;128.5;4.6;1;5
2024-11-11 11:38:25.398713;250132669;136.2;4.6;1;5
2024-11-11 11:38:25.443720;250138256;117.9;5.0;1;5
2024-11-11 11:38:25.488747;250141620;-37.2;8.4;4;5
2024-11-11 11:38:25.533666;250143870;72.5;0.0;0;5
2024-11-11 11:38:25.578702;250144083;-1.8;0.0;0;5
2024-11-11 11:38:25.623668;250143419;-29.6;0.0;0;5
2024-11-11 11:38:25.668720;250140665;-112.3;2.8;0;5
2024-11-11 11:38:25.713964;250137764;-30.7;4.6;0;5
2024-11-11 11:38:25.759218;250135841;-26.3;4.6;0;5
2024-11-11 11:38:25.803944;250135391;1.3;4.8;0;5
2024-11-11 11:38:25.849011;250135549;17.2;4.8;1;5
2024-11-11 11:38:25.893876;250137179;26.7;4.8;0;5
2024-11-11 11:38:25.938636;250137604;1.4;4.8;0;5
2024-11-11 11:38:25.983590;250137609;-0.3;4.8;0;5
2024-11-11 11:38:26.028642;250137598;0.0;4.8;0;5
2024-11-11 11:38:26.073606;250137639;2.8;4.8;0;5
2024-11-11 11:38:26.118655;250138806;27.5;4.8;0;5
2024-11-11 11:38:26.163741;250139791;30.9;4.6;1;5
2024-11-11 11:38:26.208648;250140951;30.7;-9.7;0;5
2024-11-11 11:38:26.253624;250140492;0.3;3.0;0;5
2024-11-11 11:38:26.298636;250141592;37.5;34.9;6;5
2024-11-11 11:38:26.343601;250144222;47.9;-41.1;23;5
2024-11-11 11:38:26.388643;250143536;9.5;40.2;-5;5
2024-11-11 11:38:26.433611;250144857;-50.6;-39.8;0;5
2024-11-11 11:38:26.478641;250133340;-321.0;1.1;0;5
2024-11-11 11:38:26.523607;250129927;225.0;5.9;3;5
2024-11-11 11:38:26.568640;250141085;196.6;-37.3;28;5
2024-11-11 11:38:26.613562;250136347;-323.2;-0.2;0;5
2024-11-11 11:38:26.658644;250130739;192.7;5.0;6;5
2024-11-11 11:38:26.703625;250144259;8.2;14.3;1;5
2024-11-11 11:38:26.748643;250144885;-7.6;0.0;0;5
2024-11-11 11:38:26.793565;250144873;0.1;0.0;0;5
2024-11-11 11:38:26.838746;250144878;0.0;0.0;0;5
2024-11-11 11:38:26.883560;250144876;0.0;0.0;0;5
2024-11-11 11:38:26.928650;250144871;0.0;0.0;0;5
2024-11-11 11:38:26.973569;250144869;0.0;0.0;0;5
2024-11-11 11:38:27.018643;250144868;-0.1;0.0;0;5
2024-11-11 11:38:27.063563;250144867;0.0;0.0;0;5
2024-11-11 11:38:27.108666;250144866;0.1;0.0;0;5
2024-11-11 11:38:27.153568;250144867;0.0;0.0;0;5
2024-11-11 11:38:27.198657;250144867;0.0;0.0;0;5
2024-11-11 11:38:27.243878;250144866;0.0;0.0;0;5
2024-11-11 11:38:27.288690;250144867;0.0;0.0;0;5
2024-11-11 11:38:27.333577;250144867;0.0;0.0;0;5
2024-11-11 11:38:27.378654;250144860;-0.3;0.0;0;5
2024-11-11 11:38:27.423570;250144842;-0.9;0.0;0;5
2024-11-11 11:38:27.468671;250144684;-30.7;0.0;0;5
2024-11-11 11:38:27.513580;250141783;-116.8;0.2;0;5
2024-11-11 11:38:27.558604;250136719;-51.2;5.0;-2;5
2024-11-11 11:38:27.603564;250129526;-170.9;4.8;-2;5
2024-11-11 11:38:27.648679;250120411;-231.4;4.8;-3;5
2024-11-11 11:38:27.693578;250108017;-313.7;5.0;-4;5
2024-11-11 11:38:27.738612;250089827;-414.4;4.8;-6;5
2024-11-11 11:38:27.783570;250067351;-533.0;4.6;-8;5
2024-11-11 11:38:27.828632;250037692;-695.5;5.5;-13;5
2024-11-11 11:38:27.873571;249997025;-1036.3;4.8;-17;5
2024-11-11 11:38:27.918616;249933193;-1434.4;6.6;-37;8
2024-11-11 11:38:27.963587;249850376;-2092.9;13.2;-99;20
2024-11-11 11:38:28.008620;249746003;-2194.4;19.2;-118;20
2024-11-11 11:38:28.053607;249642489;-1959.1;17.6;-82;16
2024-11-11 11:38:28.098628;249551584;-1434.0;12.3;-35;10
2024-11-11 11:38:28.143570;249498941;-757.3;7.9;-11;7
2024-11-11 11:38:28.188644;249473692;-282.4;5.3;-1;5
2024-11-11 11:38:28.233587;249466880;3.3;4.8;0;5
2024-11-11 11:38:28.278625;249467167;30.1;4.6;2;5
2024-11-11 11:38:28.323577;249473203;197.0;4.8;4;5
2024-11-11 11:38:28.368650;249485425;323.8;5.5;6;6
2024-11-11 11:38:28.413597;249504650;509.7;6.6;11;7
2024-11-11 11:38:28.458624;249535549;685.8;8.1;21;9
2024-11-11 11:38:28.503580;249574044;912.0;11.0;34;12
2024-11-11 11:38:28.548627;249622379;1107.1;14.1;50;15
2024-11-11 11:38:28.593596;249677527;1184.7;16.8;65;18
2024-11-11 11:38:28.638615;249741070;1251.6;19.0;77;20
2024-11-11 11:38:28.683581;249800724;1205.4;19.6;72;20
2024-11-11 11:38:28.728625;249855869;1031.4;19.9;59;20
2024-11-11 11:38:28.773587;249898722;683.7;15.9;20;14
2024-11-11 11:38:28.818625;249922649;259.4;11.5;2;10
2024-11-11 11:38:28.863592;249925328;-188.7;9.0;-11;9
2024-11-11 11:38:28.908630;249902184;-843.0;11.7;-36;13
2024-11-11 11:38:28.953587;249847827;-1545.3;16.8;-90;20
2024-11-11 11:38:28.998622;249757510;-1852.2;19.4;-103;20
2024-11-11 11:38:29.043704;249668804;-1751.2;18.1;-82;17
2024-11-11 11:38:29.088634;249590303;-1422.5;14.3;-49;13
2024-11-11 11:38:29.133638;249530796;-976.9;10.3;-20;9
2024-11-11 11:38:29.178929;249490082;-573.7;6.8;-7;6
2024-11-11 11:38:29.223610;249470721;-222.8;5.0;0;5
2024-11-11 11:38:29.268650;249467437;2.7;4.6;0;5
2024-11-11 11:38:29.313590;249468909;100.1;5.0;2;5
2024-11-11 11:38:29.358636;249475278;178.0;4.8;4;5
2024-11-11 11:38:29.403598;249488295;348.9;5.5;7;6
2024-11-11 11:38:29.448736;249508418;522.7;6.4;12;7
2024-11-11 11:38:29.493597;249537419;714.0;8.1;22;9
2024-11-11 11:38:29.538633;249580032;930.0;11.0;37;12
2024-11-11 11:38:29.583596;249630162;1130.9;14.1;52;15
2024-11-11 11:38:29.628638;249686779;1217.6;16.8;66;18
2024-11-11 11:38:29.673603;249746907;1264.5;19.0;77;20
2024-11-11 11:38:29.718645;249812153;1180.7;19.6;68;20
2024-11-11 11:38:29.763614;249862399;857.5;19.2;42;19
2024-11-11 11:38:29.808653;249894998;467.4;15.9;16;14
2024-11-11 11:38:29.853640;249908599;99.6;11.9;0;12
2024-11-11 11:38:29.898668;249905226;-287.8;11.7;-17;12
2024-11-11 11:38:29.943618;249877301;-987.8;15.2;-55;17
2024-11-11 11:38:29.988670;249814966;-1745.8;18.1;-99;20
2024-11-11 11:38:30.033621;249723459;-2013.1;19.4;-108;20
2024-11-11 11:38:30.078681;249621598;-1773.5;16.5;-68;14
2024-11-11 11:38:30.123632;249546683;-1233.4;11.7;-29;10
2024-11-11 11:38:30.168696;249501400;-624.3;8.1;-10;7
2024-11-11 11:38:30.213671;249478889;-279.7;6.1;-1;6
2024-11-11 11:38:30.258691;249472465;-11.3;5.3;0;5
2024-11-11 11:38:30.303643;249472564;7.5;4.8;1;5
2024-11-11 11:38:30.348705;249475496;174.2;4.8;3;5
2024-11-11 11:38:30.393657;249486950;302.5;5.5;6;6
2024-11-11 11:38:30.438694;249505402;417.5;6.1;10;7
2024-11-11 11:38:30.483663;249529947;627.4;8.1;18;9
2024-11-11 11:38:30.528709;249565582;881.4;9.9;31;11
2024-11-11 11:38:30.573671;249612804;1096.5;12.8;49;14
2024-11-11 11:38:30.618703;249673452;1202.9;16.5;66;18
2024-11-11 11:38:30.663670;249732866;1257.8;19.0;75;20
2024-11-11 11:38:30.708705;249792329;1204.2;19.6;73;20
2024-11-11 11:38:30.753675;249848585;1093.1;19.9;60;20
2024-11-11 11:38:30.798710;249896721;691.7;15.9;21;14
2024-11-11 11:38:30.843740;249917308;192.1;11.9;1;11
2024-11-11 11:38:30.888809;249915797;-406.4;10.8;-21;11
2024-11-11 11:38:30.933764;249879433;-1244.6;14.6;-70;17
2024-11-11 11:38:30.978791;249797217;-1874.8;17.9;-104;20
2024-11-11 11:38:31.023754;249703705;-1901.9;19.6;-99;20
2024-11-11 11:38:31.068825;249618999;-1493.2;15.9;-59;14
2024-11-11 11:38:31.113857;249555708;-1066.2;11.0;-23;10
2024-11-11 11:38:31.158805;249514114;-505.8;8.6;-5;8
2024-11-11 11:38:31.203760;249501477;-52.2;7.9;0;7
2024-11-11 11:38:31.248919;249501186;7.7;6.8;1;7
2024-11-11 11:38:31.293782;249502763;71.8;6.8;3;7
2024-11-11 11:38:31.338798;249509685;247.4;7.5;8;8
2024-11-11 11:38:31.383757;249525566;405.6;8.4;13;9
2024-11-11 11:38:31.428802;249548354;582.9;9.5;20;10
2024-11-11 11:38:31.473788;249581236;821.1;11.2;35;12
2024-11-11 11:38:31.518799;249630814;1081.1;13.9;53;15
2024-11-11 11:38:31.563772;249686900;1208.0;16.5;67;18
2024-11-11 11:38:31.608804;249747595;1327.3;19.2;82;20
2024-11-11 11:38:31.653809;249811277;1238.6;19.6;70;20
2024-11-11 11:38:31.698805;249870042;958.2;18.3;44;18
2024-11-11 11:38:31.743782;249904325;439.0;14.1;10;13
2024-11-11 11:38:31.788788;249913979;-20.5;12.6;-6;11
2024-11-11 11:38:31.833695;249900712;-636.0;12.6;-34;13
2024-11-11 11:38:31.878922;249851213;-1316.0;16.8;-81;20
2024-11-11 11:38:31.923716;249775549;-1763.5;19.6;-100;20
2024-11-11 11:38:31.968855;249689306;-1762.1;19.0;-88;19
2024-11-11 11:38:32.013704;249611068;-1361.2;15.7;-46;14
2024-11-11 11:38:32.058808;249552599;-843.6;11.5;-18;10
2024-11-11 11:38:32.103732;249522882;-404.9;8.6;-5;8
2024-11-11 11:38:32.148845;249510466;-102.7;7.9;1;8
2024-11-11 11:38:32.193730;249509366;13.4;7.7;2;8
2024-11-11 11:38:32.238812;249512248;98.3;7.7;5;8
2024-11-11 11:38:32.283712;249521557;286.1;7.7;8;8
2024-11-11 11:38:32.328872;249538023;423.4;8.4;13;9
2024-11-11 11:38:32.373754;249561751;598.6;10.1;23;11
2024-11-11 11:38:32.418834;249599066;845.6;12.3;38;13
2024-11-11 11:38:32.463752;249645256;1045.5;15.0;52;16
2024-11-11 11:38:32.508871;249696780;1091.8;17.6;64;19
2024-11-11 11:38:32.553746;249751834;1203.1;19.6;76;20
2024-11-11 11:38:32.598846;249814661;1159.3;19.6;70;20
2024-11-11 11:38:32.643751;249866317;906.4;18.5;43;18
2024-11-11 11:38:32.688876;249900136;449.9;14.3;11;13
2024-11-11 11:38:32.734036;249910372;-18.6;13.0;-5;12
2024-11-11 11:38:32.779166;249897721;-599.0;13.2;-35;14
2024-11-11 11:38:32.824026;249851514;-1429.0;17.4;-83;20
2024-11-11 11:38:32.869069;249772766;-1870.8;19.6;-106;20
2024-11-11 11:38:32.913701;249680627;-1884.0;18.5;-89;18
2024-11-11 11:38:32.958946;249589547;-1481.2;14.3;-44;12
2024-11-11 11:38:33.003689;249533874;-805.6;10.1;-15;9
2024-11-11 11:38:33.048814;249506808;-281.0;7.5;-2;7
2024-11-11 11:38:33.093694;249500890;7.1;6.6;1;7
2024-11-11 11:38:33.138728;249502387;68.7;6.8;2;7
2024-11-11 11:38:33.183796;249505543;88.4;6.6;4;7
2024-11-11 11:38:33.228745;249513181;216.4;7.7;7;8
2024-11-11 11:38:33.273706;249526557;359.9;8.6;12;9
2024-11-11 11:38:33.318739;249549901;552.1;9.5;20;10
2024-11-11 11:38:33.363693;249582907;851.0;11.0;35;12
2024-11-11 11:38:33.408747;249630371;1150.9;13.9;55;15
2024-11-11 11:38:33.453792;249689926;1297.6;17.4;76;19
2024-11-11 11:38:33.498738;249759055;1284.6;19.2;75;20
2024-11-11 11:38:33.543711;249817263;1109.6;19.6;66;20
2024-11-11 11:38:33.588751;249865965;810.1;19.0;39;19
2024-11-11 11:38:33.633709;249893640;252.0;15.0;0;14
2024-11-11 11:38:33.678758;249892707;-305.4;13.7;-24;14
2024-11-11 11:38:33.723751;249860549;-1043.0;16.3;-60;19
2024-11-11 11:38:33.768765;249799988;-1545.6;19.0;-92;20
2024-11-11 11:38:33.813743;249719206;-1808.6;19.6;-98;20
2024-11-11 11:38:33.858783;249626918;-1648.7;16.5;-67;15
2024-11-11 11:38:33.903722;249554944;-1202.7;11.5;-29;10
2024-11-11 11:38:33.948771;249511170;-506.1;8.8;-4;8
2024-11-11 11:38:33.993721;249500833;10.2;7.0;0;7
2024-11-11 11:38:34.038761;249501294;32.5;6.8;2;7
2024-11-11 11:38:34.083729;249503906;49.2;6.6;2;7
2024-11-11 11:38:34.128776;249507732;181.7;7.3;5;7
2024-11-11 11:38:34.173836;249518070;252.3;7.7;8;8
2024-11-11 11:38:34.218958;249535594;440.8;8.6;14;9
2024-11-11 11:38:34.263760;249562387;704.6;10.3;27;11
2024-11-11 11:38:34.308781;249602857;1025.7;11.9;43;13
2024-11-11 11:38:34.353745;249657590;1259.0;15.7;68;17
2024-11-11 11:38:34.398783;249726084;1337.6;18.5;82;20
2024-11-11 11:38:34.443738;249791455;1349.5;19.9;80;20
2024-11-11 11:38:34.488792;249851351;1042.0;19.6;55;20
2024-11-11 11:38:34.533756;249892263;579.5;16.3;17;15
2024-11-11 11:38:34.578792;249909351;88.9;12.3;-1;12
2024-11-11 11:38:34.623759;249902825;-510.9;12.1;-26;13
2024-11-11 11:38:34.668803;249864196;-1244.9;16.8;-71;19
2024-11-11 11:38:34.713789;249791517;-1868.8;18.8;-110;20
2024-11-11 11:38:34.758806;249687271;-2023.9;19.0;-101;19
2024-11-11 11:38:34.803788;249598065;-1561.1;15.2;-52;13
2024-11-11 11:38:34.848812;249535990;-862.6;10.6;-16;9
2024-11-11 11:38:34.893809;249508220;-237.9;7.9;0;7
2024-11-11 11:38:34.938815;249504713;1.8;6.8;1;7
2024-11-11 11:38:34.983783;249505595;71.9;6.6;3;7
2024-11-11 11:38:35.028823;249511884;158.2;7.3;6;8
2024-11-11 11:38:35.073830;249522737;308.9;7.9;9;8
2024-11-11 11:38:35.118830;249540678;380.7;8.1;13;9
2024-11-11 11:38:35.163903;249562886;586.6;9.9;23;11
2024-11-11 11:38:35.208861;249597363;895.7;12.3;39;13
2024-11-11 11:38:35.253900;249645745;1127.8;14.8;60;16
2024-11-11 11:38:35.298869;249704026;1327.1;18.5;84;20
2024-11-11 11:38:35.343814;249776448;1393.0;19.6;85;20
2024-11-11 11:38:35.388877;249841640;1258.9;19.9;72;20
2024-11-11 11:38:35.433833;249894711;838.3;16.1;24;14
2024-11-11 11:38:35.478892;249922052;297.1;11.5;5;10
2024-11-11 11:38:35.523837;249928545;-84.6;10.3;-9;9
2024-11-11 11:38:35.568888;249908628;-924.9;11.2;-42;12
2024-11-11 11:38:35.613839;249845731;-1859.6;16.1;-108;20
2024-11-11 11:38:35.658932;249737276;-2179.9;19.4;-118;20
2024-11-11 11:38:35.703848;249635225;-1877.5;16.5;-76;15
2024-11-11 11:38:35.748894;249556812;-1235.5;11.7;-29;10
2024-11-11 11:38:35.793870;249513052;-548.6;8.8;-6;8
2024-11-11 11:38:35.838911;249496649;-87.8;7.9;0;7
2024-11-11 11:38:35.883874;249496368;8.9;6.6;1;7
2024-11-11 11:38:35.928908;249498207;81.1;6.6;3;7
2024-11-11 11:38:35.973863;249505262;195.2;7.0;5;7
2024-11-11 11:38:36.018901;249515641;198.0;7.3;5;8
2024-11-11 11:38:36.063901;249527162;325.6;8.1;12;9
2024-11-11 11:38:36.109057;249547712;567.6;9.5;20;10
2024-11-11 11:38:36.154009;249580325;815.9;11.0;35;12
2024-11-11 11:38:36.198939;249629984;1091.5;13.7;55;15
2024-11-11 11:38:36.243889;249688309;1296.0;17.2;76;19
2024-11-11 11:38:36.288929;249753516;1391.1;19.4;84;20
2024-11-11 11:38:36.333909;249819494;1301.7;19.6;75;20
2024-11-11 11:38:36.378921;249880869;959.7;17.0;36;16
2024-11-11 11:38:36.423897;249913034;387.8;13.0;7;11
2024-11-11 11:38:36.468961;249921013;-29.4;11.5;-6;10
2024-11-11 11:38:36.513905;249905896;-814.5;11.5;-44;12
2024-11-11 11:38:36.558939;249838845;-1837.0;15.9;-107;20
2024-11-11 11:38:36.603906;249736972;-2268.0;19.2;-121;20
2024-11-11 11:38:36.648962;249632051;-1894.0;16.8;-76;15
2024-11-11 11:38:36.693918;249554029;-1194.1;11.7;-25;10
2024-11-11 11:38:36.739070;249509942;-497.3;9.0;-5;8
2024-11-11 11:38:36.783909;249498932;-27.1;7.5;0;7
2024-11-11 11:38:36.828969;249498803;2.2;6.8;0;7
2024-11-11 11:38:36.873920;249499225;40.8;6.6;2;7
2024-11-11 11:38:36.918961;249503836;148.4;6.4;4;7
2024-11-11 11:38:36.963860;249513256;201.8;7.7;6;8
2024-11-11 11:38:37.008991;249525706;356.4;8.4;12;9
2024-11-11 11:38:37.053882;249547924;602.5;9.5;22;10
2024-11-11 11:38:37.098968;249582140;857.8;11.0;36;12
2024-11-11 11:38:37.143974;249634495;1183.8;13.9;57;15
2024-11-11 11:38:37.189000;249697188;1405.0;17.4;80;19
2024-11-11 11:38:37.233894;249765764;1406.0;19.2;84;20
2024-11-11 11:38:37.278984;249831148;1259.3;19.6;71;20
2024-11-11 11:38:37.323882;249888917;811.2;16.3;28;15
2024-11-11 11:38:37.369010;249914306;223.6;12.1;1;11
2024-11-11 11:38:37.413883;249915177;-236.6;11.0;-19;11
2024-11-11 11:38:37.459093;249885997;-1099.5;13.7;-63;16
2024-11-11 11:38:37.503883;249808928;-1918.0;17.4;-106;20
2024-11-11 11:38:37.548998;249711914;-2033.9;19.4;-105;20
2024-11-11 11:38:37.593886;249620637;-1623.9;16.3;-58;14
2024-11-11 11:38:37.639001;249552740;-1094.1;11.5;-24;10
2024-11-11 11:38:37.683903;249509732;-507.5;8.4;-7;8
2024-11-11 11:38:37.729001;249494819;-40.7;7.9;1;7
2024-11-11 11:38:37.773903;249494988;33.3;7.0;2;7
2024-11-11 11:38:37.818992;249498120;81.8;6.4;3;7
2024-11-11 11:38:37.863939;249506486;273.0;7.3;7;7
2024-11-11 11:38:37.909047;249521968;379.8;7.5;10;8
2024-11-11 11:38:37.954009;249543425;553.2;9.2;21;10
2024-11-11 11:38:37.999045;249575238;805.9;11.0;33;12
2024-11-11 11:38:38.044001;249623718;1070.9;13.9;52;15
2024-11-11 11:38:38.089069;249680606;1316.4;16.8;76;18
2024-11-11 11:38:38.134021;249748357;1477.5;19.0;90;20
2024-11-11 11:38:38.179056;249819280;1431.6;19.9;84;20
2024-11-11 11:38:38.224179;249888406;1054.0;16.8;40;15
2024-11-11 11:38:38.269087;249925088;441.3;11.7;8;10
2024-11-11 11:38:38.313993;249934310;-32.6;9.7;-8;8
2024-11-11 11:38:38.359042;249918374;-835.8;10.6;-40;11
2024-11-11 11:38:38.404029;249850696;-1899.3;16.1;-100;20
2024-11-11 11:38:38.449070;249751689;-2143.1;19.4;-114;20
2024-11-11 11:38:38.494033;249652724;-1816.3;17.4;-76;16
2024-11-11 11:38:38.539061;249574492;-1335.0;13.4;-36;12
2024-11-11 11:38:38.583996;249520347;-668.6;9.7;-12;8
2024-11-11 11:38:38.629052;249495843;-299.2;7.5;-2;7
2024-11-11 11:38:38.674029;249489319;6.4;6.1;0;6
2024-11-11 11:38:38.719094;249489517;18.2;5.9;1;6
2024-11-11 11:38:38.764253;249491393;53.4;5.7;2;6
2024-11-11 11:38:38.809132;249497308;224.6;6.1;6;7
2024-11-11 11:38:38.854045;249510471;344.9;7.5;10;8
2024-11-11 11:38:38.899088;249530791;554.3;8.6;18;9
2024-11-11 11:38:38.944067;249565722;800.3;9.9;29;11
2024-11-11 11:38:38.989090;249610380;1088.8;12.8;49;14
2024-11-11 11:38:39.034056;249668559;1327.2;15.9;72;17
2024-11-11 11:38:39.079093;249734909;1456.5;18.5;90;20
2024-11-11 11:38:39.124063;249812105;1416.5;19.4;81;20
2024-11-11 11:38:39.169105;249875418;1126.5;18.1;52;17
2024-11-11 11:38:39.214363;249918278;597.8;13.2;11;11
2024-11-11 11:38:39.259166;249935441;125.2;9.0;0;8
2024-11-11 11:38:39.304050;249936589;-149.2;8.6;-10;8
2024-11-11 11:38:39.349112;249912656;-1043.1;9.9;-42;11
2024-11-11 11:38:39.394065;249841402;-2094.0;15.4;-115;20
2024-11-11 11:38:39.439095;249731178;-2366.2;19.2;-120;20
2024-11-11 11:38:39.484088;249615271;-1832.7;16.1;-69;14
2024-11-11 11:38:39.529416;249540753;-1116.7;10.6;-23;9
2024-11-11 11:38:39.574296;249501083;-481.5;7.5;-4;7
2024-11-11 11:38:39.619345;249488841;-8.7;6.6;0;6
2024-11-11 11:38:39.664056;249489296;28.8;5.9;1;6
2024-11-11 11:38:39.709031;249491472;62.2;5.7;2;6
2024-11-11 11:38:39.754014;249497602;180.7;6.4;4;7
2024-11-11 11:38:39.799035;249505846;173.0;7.0;5;7
2024-11-11 11:38:39.843999;249516944;275.0;7.3;9;8
2024-11-11 11:38:39.889052;249535293;540.2;8.4;18;9
2024-11-11 11:38:39.934007;249566667;796.6;9.9;31;11
2024-11-11 11:38:39.979061;249611073;1103.3;12.8;52;14
2024-11-11 11:38:40.024004;249675890;1359.3;16.5;75;18
2024-11-11 11:38:40.069074;249744001;1466.0;19.0;87;20
2024-11-11 11:38:40.114011;249813888;1393.0;19.4;81;20
2024-11-11 11:38:40.159056;249876457;1084.9;17.6;44;17
2024-11-11 11:38:40.204042;249918636;492.1;12.3;10;10
2024-11-11 11:38:40.249083;249931103;17.0;9.2;0;9
2024-11-11 11:38:40.294162;249924886;-530.1;9.2;-26;10
2024-11-11 11:38:40.339082;249880679;-1543.0;13.0;-82;16
2024-11-11 11:38:40.384039;249777743;-2414.1;17.0;-124;20
2024-11-11 11:38:40.429091;249661297;-2240.3;17.9;-100;17
2024-11-11 11:38:40.474074;249564477;-1600.2;13.0;-40;11
2024-11-11 11:38:40.519102;249505223;-760.1;8.6;-9;7
2024-11-11 11:38:40.564059;249481903;-116.1;7.0;0;6
2024-11-11 11:38:40.609102;249480993;13.9;5.7;1;6
2024-11-11 11:38:40.654064;249484272;86.3;5.7;1;6
2024-11-11 11:38:40.699117;249488339;152.6;6.1;3;6
2024-11-11 11:38:40.744071;249496639;168.3;6.4;3;7
2024-11-11 11:38:40.789119;249504701;178.1;6.6;5;7
2024-11-11 11:38:40.834086;249515094;280.9;7.3;10;8
2024-11-11 11:38:40.879128;249533847;556.6;8.1;19;9
2024-11-11 11:38:40.924101;249569880;873.8;9.9;33;11
2024-11-11 11:38:40.969145;249619177;1203.4;12.6;53;14
2024-11-11 11:38:41.014098;249682058;1387.6;16.5;77;18
2024-11-11 11:38:41.059429;249749795;1415.4;18.8;85;20
2024-11-11 11:38:41.104109;249822672;1297.8;19.9;74;20
2024-11-11 11:38:41.149189;249877953;858.2;17.4;34;17
2024-11-11 11:38:41.194110;249905573;257.2;13.4;1;12
2024-11-11 11:38:41.239168;249908092;-180.1;12.1;-18;12
2024-11-11 11:38:41.284128;249879070;-1046.8;14.6;-59;17
2024-11-11 11:38:41.329155;249813343;-1819.8;17.9;-104;20
2024-11-11 11:38:41.374147;249717021;-2118.5;19.4;-112;20
2024-11-11 11:38:41.419155;249619588;-1805.0;16.1;-66;14
2024-11-11 11:38:41.464177;249538015;-1098.6;10.6;-22;9
2024-11-11 11:38:41.509168;249500524;-421.4;7.5;-3;7
2024-11-11 11:38:41.554141;249490528;-23.3;6.4;0;6
2024-11-11 11:38:41.599171;249490485;5.3;5.9;1;6
2024-11-11 11:38:41.644123;249492146;76.7;5.7;3;6
2024-11-11 11:38:41.689177;249498400;117.1;5.9;2;7
2024-11-11 11:38:41.734126;249504545;142.5;6.4;4;7
2024-11-11 11:38:41.779173;249513198;236.1;7.5;8;8
2024-11-11 11:38:41.824133;249531720;532.1;8.6;17;9
2024-11-11 11:38:41.869211;249563477;827.2;9.9;30;11
2024-11-11 11:38:41.914144;249609918;1145.3;12.6;53;14
2024-11-11 11:38:41.959198;249670882;1409.9;16.3;80;18
2024-11-11 11:38:42.004149;249748042;1460.8;18.8;86;20
2024-11-11 11:38:42.049202;249815731;1326.0;19.9;75;20
2024-11-11 11:38:42.094150;249872156;895.6;18.3;38;18
2024-11-11 11:38:42.139192;249904724;441.0;14.1;10;13
2024-11-11 11:38:42.184154;249915967;-20.6;12.1;-3;11
2024-11-11 11:38:42.229234;249904865;-690.7;12.6;-35;13
2024-11-11 11:38:42.274115;249853331;-1651.2;17.0;-101;20
2024-11-11 11:38:42.319211;249761988;-2132.9;19.2;-117;20
2024-11-11 11:38:42.364115;249651459;-1951.9;17.4;-86;16
2024-11-11 11:38:42.409208;249564542;-1483.6;12.8;-41;11
2024-11-11 11:38:42.454111;249508740;-762.3;8.1;-9;7
2024-11-11 11:38:42.499215;249484558;-208.5;6.1;1;6
2024-11-11 11:38:42.544117;249482394;2.8;5.7;1;6
2024-11-11 11:38:42.589216;249483994;65.3;5.9;1;6
2024-11-11 11:38:42.634129;249487537;132.1;6.6;3;6
2024-11-11 11:38:42.679226;249494093;161.6;6.8;4;7
2024-11-11 11:38:42.724132;249505479;307.2;7.3;8;7
2024-11-11 11:38:42.769220;249523949;493.2;7.5;14;8
2024-11-11 11:38:42.814127;249552179;705.2;9.2;24;10
2024-11-11 11:38:42.859543;249589087;799.7;11.2;27;12
2024-11-11 11:38:42.904147;249628745;671.8;14.1;29;15
2024-11-11 11:38:42.949235;249656729;419.5;15.7;21;17
2024-11-11 11:38:42.994138;249674643;333.2;17.9;20;18
2024-11-11 11:38:43.039181;249689995;308.3;18.5;20;19
2024-11-11 11:38:43.084147;249705674;289.7;19.2;21;20
2024-11-11 11:38:43.129200;249719107;279.9;19.4;22;20
2024-11-11 11:38:43.174396;249733060;285.9;19.6;20;20
2024-11-11 11:38:43.219205;249746454;262.5;19.9;18;20
2024-11-11 11:38:43.264248;249758517;174.1;19.2;12;20
2024-11-11 11:38:43.309204;249765734;112.7;19.4;11;20
2024-11-11 11:38:43.354159;249770887;80.7;19.6;7;20
2024-11-11 11:38:43.399217;249773067;7.1;19.6;4;20
2024-11-11 11:38:43.444165;249773476;11.8;19.6;5;20
2024-11-11 11:38:43.489221;249773906;12.1;19.6;5;20
2024-11-11 11:38:43.534166;249774707;27.3;19.4;7;20
2024-11-11 11:38:43.579207;249777282;86.1;19.6;9;20
2024-11-11 11:38:43.624176;249781657;99.7;19.9;11;20
2024-11-11 11:38:43.669239;249786111;60.9;19.6;7;20
2024-11-11 11:38:43.714166;249788681;52.5;19.9;6;20
2024-11-11 11:38:43.759213;249790339;19.0;19.6;5;20
2024-11-11 11:38:43.804173;249791148;1.1;19.9;4;20
2024-11-11 11:38:43.849213;249791146;0.5;19.6;4;20
2024-11-11 11:38:43.894192;249791244;8.6;19.6;5;20
2024-11-11 11:38:43.939222;249792052;20.8;19.6;6;20
2024-11-11 11:38:43.984176;249793362;41.7;19.6;8;20
2024-11-11 11:38:44.029232;249796598;107.6;19.6;11;20
2024-11-11 11:38:44.074204;249802551;159.7;19.9;13;20
2024-11-11 11:38:44.119226;249810504;187.6;19.2;15;20
2024-11-11 11:38:44.164214;249820331;179.6;20.1;15;20
2024-11-11 11:38:44.209252;249828077;152.2;20.1;11;20
2024-11-11 11:38:44.254197;249834272;136.0;19.6;11;20
2024-11-11 11:38:44.299240;249840300;147.2;19.6;14;20
2024-11-11 11:38:44.344198;249849196;219.3;19.4;17;20
2024-11-11 11:38:44.389250;249860876;288.2;19.0;20;19
2024-11-11 11:38:44.434205;249875404;327.9;17.2;20;17
2024-11-11 11:38:44.479262;249890557;291.4;15.4;13;15
2024-11-11 11:38:44.524215;249903915;210.9;13.0;8;13
2024-11-11 11:38:44.569247;249911733;109.9;11.5;5;11
2024-11-11 11:38:44.614206;249915835;29.1;10.8;2;11
2024-11-11 11:38:44.659343;249916396;2.0;10.8;1;11
2024-11-11 11:38:44.704302;249916688;20.3;10.8;3;11
2024-11-11 11:38:44.749355;249919404;135.6;10.3;6;10
2024-11-11 11:38:44.794341;249927376;214.9;9.0;7;9
2024-11-11 11:38:44.839354;249938750;248.9;7.9;4;7
2024-11-11 11:38:44.884324;249949597;196.7;6.1;4;6
2024-11-11 11:38:44.929354;249958123;127.5;5.5;2;5
2024-11-11 11:38:44.974316;249963347;59.3;4.8;1;5
2024-11-11 11:38:45.019354;249966666;71.8;4.8;1;5
2024-11-11 11:38:45.064421;249969519;48.1;4.8;1;5
2024-11-11 11:38:45.109371;249972952;127.5;5.3;2;5
2024-11-11 11:38:45.154313;249978611;127.7;5.3;3;5
2024-11-11 11:38:45.199351;249985400;138.6;5.0;2;5
2024-11-11 11:38:45.244369;249993275;174.5;5.0;2;5
2024-11-11 11:38:45.289407;250000923;153.2;4.6;2;5
2024-11-11 11:38:45.334373;250008439;157.1;4.6;2;5
2024-11-11 11:38:45.379375;250015430;137.3;4.6;2;5
2024-11-11 11:38:45.424357;250023397;148.3;4.6;2;5
2024-11-11 11:38:45.469480;250030714;153.8;4.8;3;5
2024-11-11 11:38:45.514345;250038299;157.1;4.8;2;5
2024-11-11 11:38:45.559417;250046036;184.8;4.8;2;5
2024-11-11 11:38:45.604387;250055542;178.5;4.8;3;5
2024-11-11 11:38:45.649644;250064559;184.4;4.8;3;5
2024-11-11 11:38:45.694393;250073096;163.2;4.6;2;5
2024-11-11 11:38:45.739541;250079737;150.6;4.6;2;5
2024-11-11 11:38:45.784369;250088749;179.6;4.8;3;5
2024-11-11 11:38:45.829430;250097255;193.5;5.0;3;5
2024-11-11 11:38:45.874423;250106442;177.5;4.6;2;5
2024-11-11 11:38:45.919434;250114965;169.8;5.0;3;5
2024-11-11 11:38:45.964377;250123516;167.0;5.3;2;5
2024-11-11 11:38:46.009426;250131368;166.2;4.8;2;5
2024-11-11 11:38:46.054408;250139513;176.1;-1.7;-6;5
2024-11-11 11:38:46.099461;250139112;-404.9;0.0;0;5
2024-11-11 11:38:46.144460;250127734;100.2;4.8;4;5
2024-11-11 11:38:46.189444;250140489;372.0;19.2;-5;5
2024-11-11 11:38:46.234438;250146388;-59.0;-10.8;-2;5
2024-11-11 11:38:46.279467;250146120;53.8;-2.6;17;5
2024-11-11 11:38:46.324428;250144934;-1.8;0.0;0;5
2024-11-11 11:38:46.369464;250144939;0.0;0.0;0;5
2024-11-11 11:38:46.414701;250144936;0.0;0.0;0;5
2024-11-11 11:38:46.459692;250144935;0.1;0.0;0;5
2024-11-11 11:38:46.504742;250144937;0.0;0.0;0;5
2024-11-11 11:38:46.549755;250144938;0.0;0.0;0;5
2024-11-11 11:38:46.594390;250144937;0.0;0.0;0;5
2024-11-11 11:38:46.639403;250144936;0.0;0.0;0;5
2024-11-11 11:38:46.684367;250144936;0.0;0.0;0;5
2024-11-11 11:38:46.729423;250144936;0.0;0.0;0;5
2024-11-11 11:38:46.774367;250144935;0.0;0.0;0;5
2024-11-11 11:38:46.819418;250144935;0.1;0.0;0;5
2024-11-11 11:38:46.864373;250144936;0.0;0.0;0;5
2024-11-11 11:38:46.909426;250144935;0.0;0.0;0;5
2024-11-11 11:38:46.954366;250144935;0.0;0.0;0;5
2024-11-11 11:38:46.999420;250144935;0.0;0.0;0;5
2024-11-11 11:38:47.044387;250144935;0.0;0.0;0;5
2024-11-11 11:38:47.089446;250144935;0.0;0.0;0;5
2024-11-11 11:38:47.134416;250144935;0.0;0.0;0;5
2024-11-11 11:38:47.179437;250144935;0.0;0.0;0;5
2024-11-11 11:38:47.224567;250144935;0.0;0.0;0;5
2024-11-11 11:38:47.269439;250144935;0.0;0.0;0;5
2024-11-11 11:38:47.314398;250144936;0.0;0.0;0;5
2024-11-11 11:38:47.359436;250144935;0.0;0.0;0;5
2024-11-11 11:38:47.404351;250144936;0.0;0.0;0;5
2024-11-11 11:38:47.449434;250144936;0.0;0.0;0;5
2024-11-11 11:38:47.494346;250144935;0.0;0.0;0;5
2024-11-11 11:38:47.539434;250144935;0.0;0.0;0;5
2024-11-11 11:38:47.584349;250144935;0.0;0.0;0;5
2024-11-11 11:38:47.629438;250144935;0.0;0.0;0;5
2024-11-11 11:38:47.674454;250144935;0.0;0.0;0;5
2024-11-11 11:38:47.719457;250144935;0.0;0.0;0;5
2024-11-11 11:38:47.764364;250144936;0.0;0.0;0;5
